senderTs,senderMbps,receiverTs,receiverMbps
1.0,0.985,1.0,0.116
2.0,0.0,2.0,0.0
3.0,0.0,3.0,0.0
4.0,0.0,4.0,0.0
5.0,1.22,5.0,0.0232
6.0,0.0,6.0,0.0463
7.0,0.0,7.0,0.0463
8.0,0.0,8.0,0.0811
9.0,0.0,9.0,0.0348
10.0,0.429,10.0,0.0
11.0,0.0463,11.0,0.0695
12.0,0.0,12.0,0.0348
13.0,0.0,13.0,0.0
14.0,0.255,14.0,0.0
15.0,0.0,15.0,0.0
16.0,0.0,16.0,0.0
17.0,0.0232,17.0,0.0
18.0,0.0463,18.0,0.0
19.0,0.0232,19.0,0.0
20.0,0.0,20.0,0.0
21.0,0.0,21.0,0.0116
22.0,0.0,22.0,0.0348
23.0,0.0,23.0,0.0
24.0,0.0,24.0,0.0
25.0,0.0,25.0,0.0
26.0,0.0,26.0,0.0
27.0,0.0,27.0,0.0
28.0,0.0,28.0,0.0
29.0,0.0,29.0,0.0
30.0,0.44,30.0,0.0
31.0,0.0,31.0,0.0
32.0,0.0,32.0,0.0
33.0,0.0,33.0,0.0
34.0,0.0,34.0,0.0
35.0,0.0,35.0,0.0463
36.0,0.0,36.0,0.0348
37.0,0.487,37.0,0.0463
38.0,0.0232,38.0,0.0579
39.0,0.533,39.0,0.0927
40.0,0.0232,40.0,0.0579
41.0,0.0,41.0,0.0
42.0,0.521,42.0,0.0
43.0,0.521,43.0,0.0579
44.0,0.0,44.0,0.0811
45.0,0.521,45.0,0.301
46.0,0.521,46.0,0.116
47.0,0.0,47.0,0.0927
48.0,0.0,48.0,0.0232
49.0,0.0,49.0,0.0
50.0,0.521,50.0,0.0
51.0,0.0,51.0,0.0
52.0,0.521,52.0,0.0
53.0,0.0,53.0,0.0
54.0,0.0,54.0,0.0
55.0,0.0,55.0,0.0
56.0,0.0,56.0,0.0
57.0,0.0,57.0,0.0
58.0,0.0,58.0,0.0116
59.0,0.0,59.0,0.0348
60.0,0.0,60.0,0.0
61.0,0.0,61.0,0.0
62.0,0.0,62.0,0.0
63.0,0.0,63.0,0.0
64.0,0.0,64.0,0.0
65.0,0.0,65.0,0.0
66.0,0.0,66.0,0.0
67.0,0.0,67.0,0.0
68.0,0.0,68.0,0.0
69.0,0.0,69.0,0.0116
70.0,0.0,70.0,0.0
71.0,0.521,71.0,0.0695
72.0,0.0,72.0,0.0927
73.0,0.0,73.0,0.116
74.0,0.0,74.0,0.0927
75.0,0.0,75.0,0.104
76.0,0.521,76.0,0.104
77.0,0.0,77.0,0.0927
78.0,0.0,78.0,0.0579
79.0,0.0,79.0,0.0
80.0,0.0,80.0,0.0348
81.0,0.0,81.0,0.0695
82.0,0.0,82.0,0.0579
83.0,0.521,83.0,0.0579
84.0,0.0,84.0,0.0579
85.0,0.0,85.0,0.0579
86.0,0.0,86.0,0.0232
87.0,0.0,87.0,0.0116
88.0,0.0,88.0,0.0232
89.0,0.0,89.0,0.0116
90.0,0.521,90.0,0.0116
91.0,0.0,91.0,0.0116
92.0,0.0,92.0,0.0232
93.0,0.0,93.0,0.0116
94.0,0.521,94.0,0.0232
95.0,0.0,95.0,0.104
96.0,0.0,96.0,0.0695
97.0,0.0,97.0,0.104
98.0,0.521,98.0,0.0463
99.0,0.0,99.0,0.0
100.0,0.0,100.0,0.0
101.0,0.0,101.0,0.0
102.0,0.0,102.0,0.0
103.0,0.0,103.0,0.0
104.0,0.0,104.0,0.0463
105.0,0.0,105.0,0.0
106.0,0.0,106.0,0.0
107.0,0.521,107.0,0.0
108.0,0.0,108.0,0.0
109.0,0.0,109.0,0.0463
110.0,0.0,110.0,0.104
111.0,0.0,111.0,0.0927
112.0,0.0,112.0,0.116
113.0,0.0,113.0,0.162
114.0,0.0,114.0,0.0927
115.0,0.0,115.0,0.0927
116.0,0.0,116.0,0.0811
117.0,0.521,117.0,0.0811
118.0,0.0,118.0,0.0116
119.0,0.521,119.0,0.0
120.0,0.521,120.0,0.0
121.0,0.0,121.0,0.0
122.0,0.0,122.0,0.0
123.0,0.0,123.0,0.0
124.0,0.0,124.0,0.0
125.0,0.0,125.0,0.104
126.0,0.521,126.0,0.116
127.0,0.0,127.0,0.0348
128.0,0.0,128.0,0.0
129.0,0.0,129.0,0.0
130.0,0.0,130.0,0.0
131.0,0.0,131.0,0.0
132.0,0.0,132.0,0.0
133.0,0.0,133.0,0.0
134.0,0.0,134.0,0.0
135.0,0.0,135.0,0.0
136.0,0.0,136.0,0.0
137.0,0.0,137.0,0.0
138.0,0.0,138.0,0.0
139.0,0.0,139.0,0.0463
140.0,0.0,140.0,0.0
141.0,0.0,141.0,0.0
142.0,0.0,142.0,0.0
143.0,0.0,143.0,0.0
144.0,0.0,144.0,0.0
145.0,0.0,145.0,0.0
146.0,0.0,146.0,0.0
147.0,0.0,147.0,0.0
148.0,0.0,148.0,0.0
149.0,0.0,149.0,0.0
150.0,0.0,150.0,0.0
151.0,0.0,151.0,0.139
152.0,0.0,152.0,0.336
153.0,0.0,153.0,0.22
154.0,0.0,154.0,0.209
155.0,0.0,155.0,0.197
156.0,0.0,156.0,0.278
157.0,0.0,157.0,0.255
158.0,0.0,158.0,0.209
159.0,0.0,159.0,0.151
160.0,0.0,160.0,0.209
161.0,0.0,161.0,0.197
162.0,0.0,162.0,0.185
163.0,0.0,163.0,0.185
164.0,0.0,164.0,0.185
165.0,0.521,165.0,0.151
166.0,0.0,166.0,0.139
167.0,0.0,167.0,0.174
168.0,0.0,168.0,0.151
169.0,0.521,169.0,0.127
170.0,0.0,170.0,0.151
171.0,0.0,171.0,0.139
172.0,0.521,172.0,0.0463
173.0,0.0,173.0,0.0579
174.0,0.0,174.0,0.22
175.0,0.0,175.0,0.116
176.0,0.521,176.0,0.139
177.0,0.0,177.0,0.139
178.0,0.521,178.0,0.139
179.0,0.521,179.0,0.162
180.0,0.0,180.0,0.0
181.0,0.521,181.0,0.0
182.0,0.521,182.0,0.0
183.0,0.0,183.0,0.0
184.0,0.521,184.0,0.0
185.0,0.521,185.0,0.0463
186.0,0.0,186.0,0.0
187.0,0.0,187.0,0.0
188.0,0.0,188.0,0.0
189.0,0.0,189.0,0.104
190.0,0.0,190.0,0.185
191.0,0.0,191.0,0.197
192.0,0.0,192.0,0.174
193.0,0.0,193.0,0.232
194.0,0.0,194.0,0.185
195.0,0.0,195.0,0.243
196.0,0.0,196.0,0.174
197.0,0.0,197.0,0.197
198.0,0.0,198.0,0.22
199.0,0.0,199.0,0.197
200.0,0.0,200.0,0.139
201.0,0.0,201.0,0.197
202.0,0.0,202.0,0.104
203.0,0.0,203.0,0.0232
204.0,1.04,204.0,0.0
205.0,1.04,205.0,0.0
206.0,0.0,206.0,0.0
207.0,0.0,207.0,0.0
208.0,0.0,208.0,0.0
209.0,0.0,209.0,0.0
210.0,0.0,210.0,0.0
211.0,0.0,211.0,0.0232
212.0,0.0,212.0,0.0232
213.0,0.0,213.0,0.0811
214.0,0.521,214.0,0.301
215.0,0.521,215.0,0.0
216.0,0.0,216.0,0.0
217.0,0.0,217.0,0.0
218.0,0.0,218.0,0.0
219.0,0.0,219.0,0.0
220.0,0.0,220.0,0.0
221.0,0.0,221.0,0.0
222.0,0.0,222.0,0.0
223.0,0.0,223.0,0.0116
224.0,0.0,224.0,0.0348
225.0,0.0,225.0,0.0
226.0,0.0,226.0,0.0
227.0,0.0,227.0,0.0
228.0,0.0,228.0,0.0
229.0,0.0,229.0,0.0
230.0,0.0,230.0,0.0116
231.0,0.0,231.0,0.243
232.0,0.0,232.0,0.255
233.0,0.0,233.0,0.174
234.0,0.0,234.0,0.243
235.0,0.0,235.0,0.22
236.0,0.0,236.0,0.116
237.0,0.0,237.0,0.0811
238.0,0.0,238.0,0.0811
239.0,0.0,239.0,0.0695
240.0,0.0,240.0,0.0811
241.0,0.0,241.0,0.0811
242.0,0.0,242.0,0.0927
243.0,0.0,243.0,0.0927
244.0,0.0,244.0,0.0811
245.0,0.0,245.0,0.0695
246.0,0.0,246.0,0.0579
247.0,0.0,247.0,0.0579
248.0,0.0,248.0,0.0695
249.0,0.0,249.0,0.139
250.0,0.0,250.0,0.255
251.0,1.04,251.0,0.22
252.0,0.0,252.0,0.151
253.0,0.521,253.0,0.127
254.0,0.0,254.0,0.104
255.0,0.521,255.0,0.104
256.0,0.0,256.0,0.104
257.0,0.0,257.0,0.104
258.0,0.521,258.0,0.0811
259.0,0.0,259.0,0.104
260.0,0.0,260.0,0.116
261.0,0.0,261.0,0.116
262.0,0.521,262.0,0.0927
263.0,0.0,263.0,0.127
264.0,0.0,264.0,0.266
265.0,0.0,265.0,0.266
266.0,0.0,266.0,0.0116
267.0,0.521,267.0,0.0
268.0,0.521,268.0,0.0
269.0,0.521,269.0,0.0
270.0,0.0,270.0,0.0
271.0,0.0,271.0,0.0
272.0,0.0,272.0,0.0
273.0,0.0,273.0,0.0
274.0,0.0,274.0,0.0
275.0,0.0,275.0,0.0
276.0,0.0,276.0,0.0
277.0,0.0,277.0,0.0
278.0,0.0,278.0,0.0463
279.0,0.0,279.0,0.0
280.0,0.0,280.0,0.0
281.0,0.0,281.0,0.0
282.0,0.0,282.0,0.0
283.0,0.0,283.0,0.0
284.0,0.0,284.0,0.0
285.0,0.0,285.0,0.0
286.0,0.0,286.0,0.0
287.0,0.0,287.0,0.0
288.0,0.0,288.0,0.0463
289.0,0.0,289.0,0.151
290.0,0.0,290.0,0.116
291.0,0.0,291.0,0.0927
292.0,0.0,292.0,0.116
293.0,0.0,293.0,0.139
294.0,0.0,294.0,0.104
295.0,0.0,295.0,0.116
296.0,0.0,296.0,0.127
297.0,0.0,297.0,0.127
298.0,0.0,298.0,0.209
299.0,0.0,299.0,0.313
300.0,0.0,300.0,0.243
301.0,0.0,301.0,0.197
302.0,0.521,302.0,0.104
303.0,0.521,303.0,0.0695
304.0,0.0,304.0,0.0811
305.0,0.0,305.0,0.0927
306.0,0.0,306.0,0.139
307.0,0.0,307.0,0.209
308.0,0.521,308.0,0.151
309.0,0.0,309.0,0.209
310.0,0.521,310.0,0.174
311.0,0.0,311.0,0.197
312.0,0.521,312.0,0.0
313.0,0.0,313.0,0.0
314.0,0.521,314.0,0.0
315.0,0.0,315.0,0.0
316.0,0.0,316.0,0.0
317.0,0.0,317.0,0.0
318.0,0.0,318.0,0.0
319.0,0.0,319.0,0.0348
320.0,0.0,320.0,0.0116
321.0,0.0,321.0,0.0
322.0,0.0,322.0,0.0
323.0,0.0,323.0,0.0
324.0,0.521,324.0,0.0
325.0,0.0,325.0,0.0
326.0,0.0,326.0,0.0
327.0,0.0,327.0,0.0
328.0,0.0,328.0,0.0
329.0,0.0,329.0,0.0463
330.0,0.0,330.0,0.127
331.0,0.0,331.0,0.104
332.0,0.0,332.0,0.104
333.0,0.0,333.0,0.139
334.0,0.0,334.0,0.162
335.0,0.0,335.0,0.0811
336.0,0.0,336.0,0.116
337.0,0.0,337.0,0.162
338.0,0.0,338.0,0.0811
339.0,0.0,339.0,0.0695
340.0,0.0,340.0,0.0463
341.0,0.0,341.0,0.0579
342.0,0.0,342.0,0.139
343.0,0.0,343.0,0.104
344.0,0.0,344.0,0.127
345.0,0.0,345.0,0.104
346.0,0.0,346.0,0.127
347.0,0.0,347.0,0.104
348.0,0.0,348.0,0.0579
349.0,0.0,349.0,0.0927
350.0,0.521,350.0,0.0695
351.0,0.0,351.0,0.0348
352.0,0.0,352.0,0.116
353.0,0.0,353.0,0.243
354.0,0.0,354.0,0.0811
355.0,0.521,355.0,0.0
356.0,0.0,356.0,0.0
357.0,0.0,357.0,0.0
358.0,0.521,358.0,0.0
359.0,0.0,359.0,0.0
360.0,0.0,360.0,0.0
361.0,0.0,361.0,0.0
362.0,0.521,362.0,0.0
363.0,0.521,363.0,0.0
364.0,0.0,364.0,0.0
365.0,0.0,365.0,0.0
366.0,0.0,366.0,0.0
367.0,0.0,367.0,0.0
368.0,0.0,368.0,0.0
369.0,0.0,369.0,0.0
370.0,0.0,370.0,0.0463
371.0,0.0,371.0,0.0811
372.0,0.0,372.0,0.174
373.0,0.0,373.0,0.151
374.0,0.0,374.0,0.0927
375.0,0.0,375.0,0.0579
376.0,0.0,376.0,0.0232
377.0,0.0,377.0,0.0348
378.0,0.521,378.0,0.0463
379.0,0.0,379.0,0.0232
380.0,0.0,380.0,0.0232
381.0,0.0,381.0,0.0116
382.0,0.0,382.0,0.0116
383.0,0.0,383.0,0.0116
384.0,0.0,384.0,0.0
385.0,0.0,385.0,0.0
386.0,0.0,386.0,0.0
387.0,0.0,387.0,0.0
388.0,0.0,388.0,0.0
389.0,0.0,389.0,0.0
390.0,0.0,390.0,0.0
391.0,0.0,391.0,0.0
392.0,0.0,392.0,0.0
393.0,0.0,393.0,0.0
394.0,0.0,394.0,0.0
395.0,0.0,395.0,0.0
396.0,0.0,396.0,0.0
397.0,0.0,397.0,0.0
398.0,0.0,398.0,0.0
399.0,0.0,399.0,0.0232
400.0,0.0,400.0,0.0232
401.0,0.0,401.0,0.0
402.0,0.0,402.0,0.0
403.0,0.0,403.0,0.0116
404.0,0.0,404.0,0.0348
405.0,0.0,405.0,0.139
406.0,0.0,406.0,0.127
407.0,0.0,407.0,0.104
408.0,0.0,408.0,0.0927
409.0,0.521,409.0,0.104
410.0,0.0,410.0,0.104
411.0,0.0,411.0,0.116
412.0,0.0,412.0,0.0927
413.0,0.0,413.0,0.0927
414.0,0.0,414.0,0.0463
415.0,0.0,415.0,0.0348
416.0,0.0,416.0,0.0579
417.0,0.0,417.0,0.0695
418.0,0.0,418.0,0.0695
419.0,0.0,419.0,0.0463
420.0,0.0,420.0,0.0695
421.0,0.521,421.0,0.104
422.0,0.0,422.0,0.324
423.0,0.0,423.0,0.0927
424.0,0.0,424.0,0.0695
425.0,0.0,425.0,0.0
426.0,0.521,426.0,0.0232
427.0,0.521,427.0,0.0579
428.0,0.0,428.0,0.0348
429.0,0.0,429.0,0.0
430.0,0.0,430.0,0.0
431.0,0.0,431.0,0.0
432.0,0.0,432.0,0.0
433.0,0.0,433.0,0.0
434.0,0.0,434.0,0.0
435.0,0.0,435.0,0.0
436.0,0.0,436.0,0.0
437.0,0.0,437.0,0.0232
438.0,0.0,438.0,0.0232
439.0,0.0,439.0,0.0
440.0,0.0,440.0,0.0
441.0,0.0,441.0,0.0
442.0,0.0,442.0,0.0
443.0,0.0,443.0,0.0
444.0,0.0,444.0,0.0
445.0,0.0,445.0,0.0695
446.0,0.0,446.0,0.139
447.0,0.0,447.0,0.266
448.0,0.0,448.0,0.139
449.0,0.0,449.0,0.0811
450.0,0.0,450.0,0.116
451.0,0.0,451.0,0.0811
452.0,0.0,452.0,0.0463
453.0,0.0,453.0,0.0695
454.0,0.0,454.0,0.0695
455.0,0.0,455.0,0.104
456.0,0.0,456.0,0.0579
457.0,0.0,457.0,0.0348
458.0,0.521,458.0,0.0695
459.0,0.0,459.0,0.0811
460.0,0.0,460.0,0.104
461.0,0.521,461.0,0.0927
462.0,0.0,462.0,0.104
463.0,0.521,463.0,0.104
464.0,0.0,464.0,0.0927
465.0,0.0,465.0,0.139
466.0,0.521,466.0,0.197
467.0,0.521,467.0,0.151
468.0,0.0,468.0,0.0
469.0,0.0,469.0,0.0
470.0,0.0,470.0,0.0
471.0,0.0,471.0,0.0
472.0,0.0,472.0,0.0463
473.0,0.0,473.0,0.0
474.0,0.0,474.0,0.0
475.0,0.0,475.0,0.0
476.0,0.0,476.0,0.0
477.0,0.0,477.0,0.0
478.0,0.0,478.0,0.0
479.0,0.0,479.0,0.0
480.0,0.0,480.0,0.0579
481.0,0.0,481.0,0.116
482.0,0.0,482.0,0.0579
483.0,0.0,483.0,0.0695
484.0,0.0,484.0,0.0695
485.0,0.0,485.0,0.0463
486.0,0.0,486.0,0.0927
487.0,0.0,487.0,0.104
488.0,0.0,488.0,0.139
489.0,0.521,489.0,0.127
490.0,0.0,490.0,0.104
491.0,0.0,491.0,0.0927
492.0,0.521,492.0,0.0927
493.0,0.0,493.0,0.0463
494.0,0.0,494.0,0.0463
495.0,0.521,495.0,0.0
496.0,0.0,496.0,0.0811
497.0,0.0,497.0,0.0232
498.0,0.0,498.0,0.0
499.0,0.0,499.0,0.0
500.0,0.0,500.0,0.0463
501.0,0.0,501.0,0.0
502.0,0.0,502.0,0.0
503.0,0.0,503.0,0.0
504.0,0.0,504.0,0.0579
505.0,0.0,505.0,0.0695
506.0,0.0,506.0,0.0695
507.0,0.0,507.0,0.0579
508.0,0.0,508.0,0.0927
509.0,0.0,509.0,0.0927
510.0,0.0,510.0,0.0927
511.0,0.0,511.0,0.0695
512.0,0.0,512.0,0.0695
513.0,0.0,513.0,0.0811
514.0,0.0,514.0,0.0579
515.0,0.521,515.0,0.0579
516.0,0.0,516.0,0.0579
517.0,0.0,517.0,0.116
518.0,0.0,518.0,0.139
519.0,0.0,519.0,0.0579
520.0,0.521,520.0,0.0695
521.0,0.0,521.0,0.0463
522.0,0.0,522.0,0.0
523.0,0.0,523.0,0.0
524.0,0.0,524.0,0.0
525.0,0.0,525.0,0.0
526.0,0.0,526.0,0.0
527.0,0.521,527.0,0.0
528.0,0.0,528.0,0.0
529.0,0.0,529.0,0.0
530.0,0.0,530.0,0.0
531.0,0.0,531.0,0.0
532.0,0.0,532.0,0.0
533.0,0.0,533.0,0.0
534.0,0.0,534.0,0.0463
535.0,0.0,535.0,0.0
536.0,0.0,536.0,0.0463
537.0,0.0,537.0,0.0927
538.0,0.0,538.0,0.0927
539.0,0.0,539.0,0.0695
540.0,0.0,540.0,0.0463
541.0,0.0,541.0,0.0348
542.0,0.0,542.0,0.0348
543.0,0.0,543.0,0.0579
544.0,0.0,544.0,0.0348
545.0,0.0,545.0,0.0232
546.0,0.0,546.0,0.0348
547.0,0.0,547.0,0.0463
548.0,0.0,548.0,0.0695
549.0,0.0,549.0,0.0348
550.0,0.521,550.0,0.0811
551.0,0.0,551.0,0.0232
552.0,0.0,552.0,0.0232
553.0,0.0,553.0,0.0
554.0,0.0,554.0,0.0232
555.0,0.0,555.0,0.0232
556.0,0.0,556.0,0.0
557.0,0.0,557.0,0.0348
558.0,0.0,558.0,0.0
559.0,0.0,559.0,0.0
560.0,0.0,560.0,0.0
561.0,0.0,561.0,0.0116
562.0,0.0,562.0,0.0348
563.0,0.0,563.0,0.0463
564.0,0.0,564.0,0.0695
565.0,0.0,565.0,0.0579
566.0,0.0,566.0,0.0811
567.0,0.0,567.0,0.0811
568.0,0.0,568.0,0.0348
569.0,0.0,569.0,0.0579
570.0,0.0,570.0,0.0579
571.0,0.0,571.0,0.0579
572.0,0.0,572.0,0.0463
573.0,0.0,573.0,0.0579
574.0,0.0,574.0,0.0
575.0,0.0,575.0,0.0232
576.0,0.0,576.0,0.0232
577.0,0.0,577.0,0.0348
578.0,0.0,578.0,0.0116
579.0,0.521,579.0,0.0116
580.0,0.0,580.0,0.0116
581.0,0.0,581.0,0.0
582.0,0.0,582.0,0.0232
583.0,0.521,583.0,0.0
584.0,0.0,584.0,0.0
585.0,0.0,585.0,0.0116
586.0,0.0,586.0,0.0348
587.0,0.0,587.0,0.0811
588.0,0.0,588.0,0.0695
589.0,0.0,589.0,0.0695
590.0,0.0,590.0,0.104
591.0,0.0,591.0,0.0927
592.0,0.0,592.0,0.0927
593.0,0.521,593.0,0.0811
594.0,0.0,594.0,0.0811
595.0,0.0,595.0,0.104
596.0,0.0,596.0,0.0232
597.0,0.0,597.0,0.0463
598.0,0.0,598.0,0.0579
599.0,0.521,599.0,0.0463
600.0,0.0,600.0,0.0232
601.0,0.0,601.0,0.0348
602.0,0.0,602.0,0.0348
603.0,0.0,603.0,0.0348
604.0,0.0,604.0,0.0116
605.0,0.0,605.0,0.0
606.0,0.0,606.0,0.0
607.0,0.0,607.0,0.0
608.0,0.0,608.0,0.0
609.0,0.0,609.0,0.0
610.0,0.0,610.0,0.0
611.0,0.0,611.0,0.0
612.0,0.0,612.0,0.0116
613.0,0.0,613.0,0.0116
614.0,0.0,614.0,0.0232
615.0,0.0,615.0,0.0
616.0,0.0,616.0,0.0
617.0,0.0,617.0,0.0811
618.0,0.0,618.0,0.185
619.0,0.0,619.0,0.116
620.0,0.521,620.0,0.104
621.0,0.0,621.0,0.0579
622.0,0.0,622.0,0.0811
623.0,0.0,623.0,0.0463
624.0,0.0,624.0,0.0811
625.0,0.0,625.0,0.0927
626.0,0.0,626.0,0.0927
627.0,0.0,627.0,0.116
628.0,0.0,628.0,0.0463
629.0,0.0,629.0,0.0
630.0,0.0,630.0,0.0232
631.0,0.0,631.0,0.0232
632.0,0.0,632.0,0.0116
633.0,0.0,633.0,0.0116
634.0,0.521,634.0,0.0
635.0,0.0,635.0,0.0
636.0,0.0,636.0,0.0
637.0,0.0,637.0,0.0
638.0,0.0,638.0,0.0
639.0,0.0,639.0,0.0
640.0,0.0,640.0,0.0232
641.0,0.0,641.0,0.0232
642.0,0.0,642.0,0.0
643.0,0.0,643.0,0.0
644.0,0.0,644.0,0.0
645.0,0.0,645.0,0.0
646.0,0.521,646.0,0.0116
647.0,0.0,647.0,0.0463
648.0,0.0,648.0,0.0695
649.0,0.0,649.0,0.0695
650.0,0.0,650.0,0.0463
651.0,0.0,651.0,0.0579
652.0,0.0,652.0,0.0348
653.0,0.0,653.0,0.0811
654.0,0.0,654.0,0.104
655.0,0.0,655.0,0.0811
656.0,0.0,656.0,0.0579
657.0,0.0,657.0,0.116
658.0,0.0,658.0,0.0811
659.0,0.0,659.0,0.0811
660.0,0.521,660.0,0.0811
661.0,0.0,661.0,0.0811
662.0,0.0,662.0,0.0
663.0,0.521,663.0,0.0
664.0,0.0,664.0,0.0463
665.0,0.0,665.0,0.0
666.0,0.0,666.0,0.0
667.0,0.0,667.0,0.0
668.0,0.0,668.0,0.0
669.0,0.0,669.0,0.0695
670.0,0.0,670.0,0.0811
671.0,0.0,671.0,0.0927
672.0,0.0,672.0,0.0695
673.0,0.0,673.0,0.0695
674.0,0.0,674.0,0.0695
675.0,0.0,675.0,0.0927
676.0,0.0,676.0,0.0579
677.0,0.0,677.0,0.0695
678.0,0.0,678.0,0.127
679.0,0.0,679.0,0.0695
680.0,0.0,680.0,0.0927
681.0,0.0,681.0,0.0579
682.0,0.0,682.0,0.0
683.0,0.0,683.0,0.0
684.0,0.0,684.0,0.0
685.0,0.0,685.0,0.0
686.0,0.0,686.0,0.0
687.0,0.0,687.0,0.0
688.0,0.0,688.0,0.0116
689.0,0.0,689.0,0.0
690.0,0.0,690.0,0.0
691.0,0.521,691.0,0.0
692.0,0.521,692.0,0.0
693.0,0.0,693.0,0.0
694.0,0.0,694.0,0.0
695.0,0.0,695.0,0.0116
696.0,0.0,696.0,0.0232
697.0,0.0,697.0,0.0
698.0,0.0,698.0,0.0116
699.0,0.0,699.0,0.0348
700.0,0.0,700.0,0.104
701.0,0.0,701.0,0.139
702.0,0.0,702.0,0.0579
703.0,0.0,703.0,0.0695
704.0,0.0,704.0,0.0927
705.0,0.0,705.0,0.151
706.0,0.0,706.0,0.197
707.0,0.0,707.0,0.139
708.0,0.0,708.0,0.104
709.0,0.0,709.0,0.0695
710.0,0.0,710.0,0.0
711.0,0.0,711.0,0.0
712.0,0.0,712.0,0.0
713.0,0.0,713.0,0.0
714.0,0.0,714.0,0.0
715.0,0.521,715.0,0.0
716.0,0.0,716.0,0.0
717.0,0.521,717.0,0.0463
718.0,0.0,718.0,0.0
719.0,0.0,719.0,0.0
720.0,0.0,720.0,0.0
721.0,0.0,721.0,0.0
722.0,0.0,722.0,0.0
723.0,0.0,723.0,0.0
724.0,0.0,724.0,0.0
725.0,0.0,725.0,0.0
726.0,0.0,726.0,0.0463
727.0,0.0,727.0,0.0579
728.0,0.0,728.0,0.0579
729.0,0.0,729.0,0.0579
730.0,0.0,730.0,0.0579
731.0,0.0,731.0,0.0463
732.0,0.0,732.0,0.0695
733.0,0.0,733.0,0.0463
734.0,0.0,734.0,0.0463
735.0,0.0,735.0,0.0695
736.0,0.0,736.0,0.0579
737.0,0.0,737.0,0.0695
738.0,0.0,738.0,0.116
739.0,0.0,739.0,0.104
740.0,0.0,740.0,0.0579
741.0,0.0,741.0,0.0232
742.0,0.0,742.0,0.0463
743.0,0.521,743.0,0.0
744.0,0.0,744.0,0.0
745.0,0.0,745.0,0.0
746.0,0.0,746.0,0.0
747.0,0.0,747.0,0.0
748.0,0.521,748.0,0.0
749.0,0.0,749.0,0.0
750.0,0.0,750.0,0.0
751.0,0.0,751.0,0.0
752.0,0.0,752.0,0.0
753.0,0.0,753.0,0.0
754.0,0.0,754.0,0.0
755.0,0.0,755.0,0.0348
756.0,0.0,756.0,0.0116
757.0,0.0,757.0,0.0
758.0,0.0,758.0,0.0
759.0,0.0,759.0,0.0
760.0,0.0,760.0,0.0
761.0,0.0,761.0,0.0
762.0,0.0,762.0,0.0
763.0,0.0,763.0,0.0
764.0,0.0,764.0,0.0
765.0,0.0,765.0,0.0
766.0,0.0,766.0,0.0
767.0,0.0,767.0,0.0116
768.0,0.0,768.0,0.0811
769.0,0.0,769.0,0.116
770.0,0.0,770.0,0.139
771.0,0.0,771.0,0.116
772.0,0.0,772.0,0.0695
773.0,0.0,773.0,0.0695
774.0,0.0,774.0,0.104
775.0,0.0,775.0,0.0579
776.0,0.521,776.0,0.0579
777.0,0.0,777.0,0.0695
778.0,0.0,778.0,0.0695
779.0,0.0,779.0,0.0463
780.0,0.0,780.0,0.0695
781.0,0.0,781.0,0.0579
782.0,0.0,782.0,0.0579
783.0,0.0,783.0,0.0695
784.0,0.0,784.0,0.0811
785.0,0.0,785.0,0.0579
786.0,0.0,786.0,0.0463
787.0,0.0,787.0,0.0927
788.0,0.0,788.0,0.0579
789.0,0.521,789.0,0.0811
790.0,0.0,790.0,0.0579
791.0,0.0,791.0,0.0232
792.0,0.0,792.0,0.0
793.0,0.0,793.0,0.0
794.0,0.0,794.0,0.0
795.0,0.521,795.0,0.0
796.0,0.0,796.0,0.0232
797.0,0.521,797.0,0.0348
798.0,0.0,798.0,0.116
799.0,0.0,799.0,0.151
800.0,0.0,800.0,0.174
801.0,0.521,801.0,0.151
802.0,0.0,802.0,0.0695
803.0,0.0,803.0,0.0463
804.0,0.0,804.0,0.0695
805.0,0.0,805.0,0.0116
806.0,0.0,806.0,0.0232
807.0,0.0,807.0,0.0232
808.0,0.0,808.0,0.0348
809.0,0.0,809.0,0.0116
810.0,0.0,810.0,0.0
811.0,0.0,811.0,0.0232
812.0,0.0,812.0,0.0
813.0,0.0,813.0,0.0
814.0,0.0,814.0,0.0116
815.0,0.0,815.0,0.0
816.0,0.0,816.0,0.0116
817.0,0.0,817.0,0.0
818.0,0.0,818.0,0.0232
819.0,0.0,819.0,0.0
820.0,0.0,820.0,0.0
821.0,0.0,821.0,0.0
822.0,0.0,822.0,0.0
823.0,0.0,823.0,0.0
824.0,0.0,824.0,0.139
825.0,0.0,825.0,0.151
826.0,0.0,826.0,0.127
827.0,0.0,827.0,0.0927
828.0,0.0,828.0,0.104
829.0,0.0,829.0,0.162
830.0,0.0,830.0,0.151
831.0,0.0,831.0,0.127
832.0,0.0,832.0,0.0116
833.0,0.0,833.0,0.0
834.0,0.0,834.0,0.0116
835.0,0.0,835.0,0.162
836.0,0.521,836.0,0.151
837.0,0.521,837.0,0.139
838.0,0.0,838.0,0.0927
839.0,0.0,839.0,0.127
840.0,0.521,840.0,0.0927
841.0,0.0,841.0,0.0811
842.0,0.0,842.0,0.0
843.0,0.521,843.0,0.0
844.0,0.0,844.0,0.0
845.0,0.0,845.0,0.0
846.0,0.0,846.0,0.0
847.0,0.0,847.0,0.0
848.0,0.0,848.0,0.0
849.0,0.0,849.0,0.0463
850.0,0.0,850.0,0.0
851.0,0.0,851.0,0.0
852.0,0.0,852.0,0.0
853.0,0.0,853.0,0.0
854.0,0.0,854.0,0.0927
855.0,0.0,855.0,0.22
856.0,0.0,856.0,0.116
857.0,0.0,857.0,0.139
858.0,0.0,858.0,0.139
859.0,0.0,859.0,0.185
860.0,0.0,860.0,0.104
861.0,0.0,861.0,0.0927
862.0,0.0,862.0,0.0811
863.0,0.0,863.0,0.116
864.0,0.521,864.0,0.116
865.0,0.0,865.0,0.0811
866.0,0.0,866.0,0.116
867.0,0.0,867.0,0.127
868.0,0.0,868.0,0.104
869.0,0.0,869.0,0.0348
870.0,0.521,870.0,0.0348
871.0,0.0,871.0,0.0811
872.0,0.0,872.0,0.0695
873.0,0.0,873.0,0.0348
874.0,0.521,874.0,0.0
875.0,0.521,875.0,0.0
876.0,0.0,876.0,0.0
877.0,0.0,877.0,0.0
878.0,0.0,878.0,0.0
879.0,0.0,879.0,0.0
880.0,0.0,880.0,0.0463
881.0,0.0,881.0,0.0
882.0,0.0,882.0,0.0
883.0,0.0,883.0,0.0
884.0,0.0,884.0,0.104
885.0,0.0,885.0,0.104
886.0,0.0,886.0,0.127
887.0,0.0,887.0,0.0811
888.0,0.0,888.0,0.127
889.0,0.0,889.0,0.127
890.0,0.0,890.0,0.139
891.0,0.0,891.0,0.0695
892.0,0.0,892.0,0.0811
893.0,0.0,893.0,0.0695
894.0,0.0,894.0,0.0695
895.0,0.0,895.0,0.0695
896.0,0.0,896.0,0.0811
897.0,0.0,897.0,0.0579
898.0,0.0,898.0,0.0695
899.0,0.521,899.0,0.0579
900.0,0.0,900.0,0.0463
901.0,0.521,901.0,0.0348
902.0,0.0,902.0,0.0811
903.0,0.521,903.0,0.0579
904.0,0.0,904.0,0.116
905.0,0.0,905.0,0.0927
906.0,0.521,906.0,0.162
907.0,0.0,907.0,0.0
908.0,0.0,908.0,0.0
909.0,0.0,909.0,0.0
910.0,0.0,910.0,0.0463
911.0,0.0,911.0,0.0
912.0,0.0,912.0,0.0579
913.0,0.0,913.0,0.0927
914.0,0.0,914.0,0.0927
915.0,0.0,915.0,0.104
916.0,0.0,916.0,0.0811
917.0,0.0,917.0,0.0811
918.0,0.0,918.0,0.0927
919.0,0.0,919.0,0.0927
920.0,0.0,920.0,0.0811
921.0,0.0,921.0,0.104
922.0,0.0,922.0,0.0927
923.0,0.0,923.0,0.0927
924.0,0.0,924.0,0.116
925.0,0.0,925.0,0.104
926.0,0.0,926.0,0.0695
927.0,0.0,927.0,0.0695
928.0,0.521,928.0,0.0927
929.0,0.0,929.0,0.0463
930.0,0.0,930.0,0.0579
931.0,0.521,931.0,0.0
932.0,0.521,932.0,0.0
933.0,0.521,933.0,0.0463
934.0,0.0,934.0,0.0579
935.0,0.0,935.0,0.151
936.0,0.0,936.0,0.127
937.0,0.0,937.0,0.0695
938.0,0.0,938.0,0.0811
939.0,0.0,939.0,0.0927
940.0,0.0,940.0,0.0695
941.0,0.0,941.0,0.0232
942.0,0.0,942.0,0.0348
943.0,0.0,943.0,0.0463
944.0,0.0,944.0,0.0579
945.0,0.0,945.0,0.0579
946.0,0.521,946.0,0.0348
947.0,0.0,947.0,0.0
948.0,0.0,948.0,0.0
949.0,0.0,949.0,0.0
950.0,0.0,950.0,0.0348
951.0,0.0,951.0,0.0116
952.0,0.0,952.0,0.0
953.0,0.0,953.0,0.0579
954.0,0.0,954.0,0.0811
955.0,0.0,955.0,0.0695
956.0,0.0,956.0,0.0811
957.0,0.0,957.0,0.0811
958.0,0.0,958.0,0.0811
959.0,0.0,959.0,0.0811
960.0,0.521,960.0,0.0811
961.0,0.0,961.0,0.0811
962.0,0.0,962.0,0.0348
963.0,0.0,963.0,0.0116
964.0,0.0,964.0,0.0463
965.0,0.0,965.0,0.0463
966.0,0.0,966.0,0.0463
967.0,0.0,967.0,0.0579
968.0,0.0,968.0,0.0579
969.0,0.521,969.0,0.127
970.0,0.0,970.0,0.0
971.0,0.0,971.0,0.0
972.0,0.0,972.0,0.0
973.0,0.0,973.0,0.0
974.0,0.521,974.0,0.0463
975.0,0.0,975.0,0.0
976.0,0.0,976.0,0.0
977.0,0.0,977.0,0.0
978.0,0.0,978.0,0.0
979.0,0.0,979.0,0.0
980.0,0.0,980.0,0.0927
981.0,0.0,981.0,0.0927
982.0,0.0,982.0,0.116
983.0,0.0,983.0,0.116
984.0,0.0,984.0,0.151
985.0,0.0,985.0,0.139
986.0,0.0,986.0,0.139
987.0,0.0,987.0,0.151
988.0,0.0,988.0,0.209
989.0,0.0,989.0,0.0695
990.0,0.0,990.0,0.0348
991.0,0.0,991.0,0.0
992.0,0.521,992.0,0.0
993.0,0.0,993.0,0.0
994.0,0.521,994.0,0.0
995.0,0.0,995.0,0.0
996.0,0.0,996.0,0.0
997.0,0.0,997.0,0.0
998.0,0.0,998.0,0.0463
999.0,0.0,999.0,0.0
1000.0,0.0,1000.0,0.0
1001.0,0.0,1001.0,0.0
1002.0,0.0,1002.0,0.0
1003.0,0.0,1003.0,0.0
1004.0,0.0,1004.0,0.0
1005.0,0.0,1005.0,0.0
1006.0,0.0,1006.0,0.0
1007.0,0.0,1007.0,0.0
1008.0,0.0,1008.0,0.0116
1009.0,0.0,1009.0,0.0811
1010.0,0.0,1010.0,0.0811
1011.0,0.0,1011.0,0.0811
1012.0,0.0,1012.0,0.0927
1013.0,0.0,1013.0,0.104
1014.0,0.0,1014.0,0.0811
1015.0,0.0,1015.0,0.116
1016.0,0.0,1016.0,0.162
1017.0,0.0,1017.0,0.162
1018.0,0.0,1018.0,0.127
1019.0,0.0,1019.0,0.0927
1020.0,0.0,1020.0,0.0695
1021.0,0.0,1021.0,0.151
1022.0,0.0,1022.0,0.139
1023.0,0.0,1023.0,0.139
1024.0,0.0,1024.0,0.243
1025.0,0.0,1025.0,0.197
1026.0,0.521,1026.0,0.185
1027.0,0.0,1027.0,0.0579
1028.0,0.0,1028.0,0.0
1029.0,0.521,1029.0,0.0
1030.0,0.0,1030.0,0.0
1031.0,0.521,1031.0,0.0
1032.0,0.521,1032.0,0.0
1033.0,0.521,1033.0,0.0
1034.0,0.0,1034.0,0.0116
1035.0,0.0,1035.0,0.0348
1036.0,0.0,1036.0,0.0
1037.0,0.0,1037.0,0.0
1038.0,0.0,1038.0,0.0463
1039.0,0.0,1039.0,0.0695
1040.0,0.0,1040.0,0.0695
1041.0,0.0,1041.0,0.0695
1042.0,0.0,1042.0,0.0695
1043.0,0.0,1043.0,0.0695
1044.0,0.0,1044.0,0.0579
1045.0,0.0,1045.0,0.104
1046.0,0.0,1046.0,0.0579
1047.0,0.0,1047.0,0.0463
1048.0,0.0,1048.0,0.0579
1049.0,0.0,1049.0,0.139
1050.0,0.0,1050.0,0.0579
1051.0,0.0,1051.0,0.0463
1052.0,0.521,1052.0,0.0579
1053.0,0.0,1053.0,0.0116
1054.0,0.521,1054.0,0.0
1055.0,0.0,1055.0,0.0232
1056.0,0.0,1056.0,0.127
1057.0,0.0,1057.0,0.151
1058.0,0.521,1058.0,0.162
1059.0,0.0,1059.0,0.139
1060.0,0.0,1060.0,0.116
1061.0,0.0,1061.0,0.0579
1062.0,0.0,1062.0,0.0695
1063.0,0.0,1063.0,0.0695
1064.0,0.0,1064.0,0.0579
1065.0,0.0,1065.0,0.0116
1066.0,0.0,1066.0,0.0232
1067.0,0.0,1067.0,0.0232
1068.0,0.521,1068.0,0.0232
1069.0,0.0,1069.0,0.0
1070.0,0.0,1070.0,0.0116
1071.0,0.0,1071.0,0.0
1072.0,0.0,1072.0,0.0
1073.0,0.0,1073.0,0.0
1074.0,0.0,1074.0,0.0232
1075.0,0.0,1075.0,0.0232
1076.0,0.0,1076.0,0.0
1077.0,0.0,1077.0,0.0
1078.0,0.0,1078.0,0.0
1079.0,0.0,1079.0,0.139
1080.0,0.0,1080.0,0.151
1081.0,0.0,1081.0,0.116
1082.0,0.0,1082.0,0.104
1083.0,0.0,1083.0,0.151
1084.0,0.0,1084.0,0.151
1085.0,0.0,1085.0,0.116
1086.0,0.0,1086.0,0.174
1087.0,0.0,1087.0,0.116
1088.0,0.0,1088.0,0.104
1089.0,0.0,1089.0,0.0695
1090.0,0.0,1090.0,0.116
1091.0,0.0,1091.0,0.127
1092.0,0.521,1092.0,0.127
1093.0,0.0,1093.0,0.127
1094.0,0.0,1094.0,0.0579
1095.0,0.0,1095.0,0.151
1096.0,0.0,1096.0,0.127
1097.0,0.521,1097.0,0.0579
1098.0,0.0,1098.0,0.0232
1099.0,0.521,1099.0,0.0
1100.0,0.0,1100.0,0.0
1101.0,0.0,1101.0,0.0
1102.0,0.521,1102.0,0.0
1103.0,0.0,1103.0,0.0
1104.0,0.0,1104.0,0.0
1105.0,0.0,1105.0,0.0463
1106.0,0.0,1106.0,0.0
1107.0,0.0,1107.0,0.0116
1108.0,0.0,1108.0,0.0927
1109.0,0.0,1109.0,0.0927
1110.0,0.0,1110.0,0.0695
1111.0,0.0,1111.0,0.0927
1112.0,0.0,1112.0,0.116
1113.0,0.0,1113.0,0.127
1114.0,0.0,1114.0,0.0811
1115.0,0.0,1115.0,0.0811
1116.0,0.0,1116.0,0.104
1117.0,0.521,1117.0,0.116
1118.0,0.0,1118.0,0.0232
1119.0,0.0,1119.0,0.0463
1120.0,0.0,1120.0,0.0348
1121.0,0.521,1121.0,0.0
1122.0,0.0,1122.0,0.0
1123.0,0.0,1123.0,0.0348
1124.0,0.0,1124.0,0.0116
1125.0,0.521,1125.0,0.0
1126.0,0.0,1126.0,0.0
1127.0,0.0,1127.0,0.0
1128.0,0.0,1128.0,0.0
1129.0,0.0,1129.0,0.0
1130.0,0.0,1130.0,0.0463
1131.0,0.0,1131.0,0.0
1132.0,0.0,1132.0,0.0
1133.0,0.0,1133.0,0.139
1134.0,0.0,1134.0,0.139
1135.0,0.0,1135.0,0.0463
1136.0,0.0,1136.0,0.0348
1137.0,0.0,1137.0,0.0695
1138.0,0.0,1138.0,0.0463
1139.0,0.0,1139.0,0.0579
1140.0,0.0,1140.0,0.0579
1141.0,0.0,1141.0,0.0927
1142.0,0.0,1142.0,0.0811
1143.0,0.0,1143.0,0.0695
1144.0,0.0,1144.0,0.0811
1145.0,0.0,1145.0,0.174
1146.0,0.0,1146.0,0.0695
1147.0,0.521,1147.0,0.0811
1148.0,0.0,1148.0,0.0232
1149.0,0.521,1149.0,0.0348
1150.0,0.0,1150.0,0.0348
1151.0,0.0,1151.0,0.0
1152.0,0.0,1152.0,0.0
1153.0,0.0,1153.0,0.0
1154.0,0.0,1154.0,0.0
1155.0,0.0,1155.0,0.0116
1156.0,0.0,1156.0,0.0348
1157.0,0.0,1157.0,0.0
1158.0,0.0,1158.0,0.0
1159.0,0.0,1159.0,0.0348
1160.0,0.0,1160.0,0.104
1161.0,0.0,1161.0,0.0695
1162.0,0.0,1162.0,0.0695
1163.0,0.0,1163.0,0.0927
1164.0,0.0,1164.0,0.0811
1165.0,0.0,1165.0,0.0927
1166.0,0.0,1166.0,0.0927
1167.0,0.0,1167.0,0.0695
1168.0,0.0,1168.0,0.0463
1169.0,0.0,1169.0,0.0348
1170.0,0.0,1170.0,0.0463
1171.0,0.0,1171.0,0.0232
1172.0,0.0,1172.0,0.0348
1173.0,0.521,1173.0,0.0927
1174.0,0.0,1174.0,0.0811
1175.0,0.0,1175.0,0.162
1176.0,0.521,1176.0,0.104
1177.0,0.0,1177.0,0.104
1178.0,0.521,1178.0,0.0811
1179.0,0.0,1179.0,0.0348
1180.0,0.0,1180.0,0.0
1181.0,0.0,1181.0,0.0463
1182.0,0.0,1182.0,0.0
1183.0,0.0,1183.0,0.0
1184.0,0.0,1184.0,0.0695
1185.0,0.0,1185.0,0.0579
1186.0,0.0,1186.0,0.0348
1187.0,0.0,1187.0,0.0579
1188.0,0.0,1188.0,0.0695
1189.0,0.0,1189.0,0.0348
1190.0,0.0,1190.0,0.0579
1191.0,0.0,1191.0,0.0695
1192.0,0.0,1192.0,0.0695
1193.0,0.0,1193.0,0.0579
1194.0,0.0,1194.0,0.0232
1195.0,0.521,1195.0,0.0463
1196.0,0.0,1196.0,0.0232
1197.0,0.521,1197.0,0.0232
1198.0,0.0,1198.0,0.0
1199.0,0.0,1199.0,0.104
1200.0,0.0,1200.0,0.104
1201.0,0.0,1201.0,0.0579
1202.0,0.0,1202.0,0.0463
1203.0,0.0,1203.0,0.0463
1204.0,0.0,1204.0,0.0579
1205.0,0.0,1205.0,0.0463
1206.0,0.0,1206.0,0.0116
1207.0,0.0,1207.0,0.0116
1208.0,0.0,1208.0,0.0232
1209.0,0.521,1209.0,0.0232
1210.0,0.0,1210.0,0.0
1211.0,0.0,1211.0,0.0232
1212.0,0.0,1212.0,0.0463
1213.0,0.0,1213.0,0.0232
1214.0,0.0,1214.0,0.0
1215.0,0.0,1215.0,0.0
1216.0,0.0,1216.0,0.0116
1217.0,0.0,1217.0,0.0348
1218.0,0.0,1218.0,0.0116
1219.0,0.0,1219.0,0.104
1220.0,0.0,1220.0,0.0927
1221.0,0.0,1221.0,0.0927
1222.0,0.0,1222.0,0.0232
1223.0,0.0,1223.0,0.0348
1224.0,0.0,1224.0,0.0579
1225.0,0.0,1225.0,0.0579
1226.0,0.0,1226.0,0.0348
1227.0,0.521,1227.0,0.0116
1228.0,0.0,1228.0,0.0232
1229.0,0.0,1229.0,0.0
1230.0,0.0,1230.0,0.0232
1231.0,0.0,1231.0,0.0232
1232.0,0.0,1232.0,0.0579
1233.0,0.0,1233.0,0.0811
1234.0,0.0,1234.0,0.0116
1235.0,0.0,1235.0,0.0
1236.0,0.0,1236.0,0.0
1237.0,0.521,1237.0,0.0
1238.0,0.0,1238.0,0.0463
1239.0,0.0,1239.0,0.0
1240.0,0.0,1240.0,0.0348
1241.0,0.0,1241.0,0.0695
1242.0,0.0,1242.0,0.0927
1243.0,0.0,1243.0,0.0927
1244.0,0.0,1244.0,0.0811
1245.0,0.0,1245.0,0.0463
1246.0,0.0,1246.0,0.0463
1247.0,0.0,1247.0,0.0579
1248.0,0.0,1248.0,0.0463
1249.0,0.0,1249.0,0.0579
1250.0,0.0,1250.0,0.0579
1251.0,0.0,1251.0,0.0116
1252.0,0.0,1252.0,0.0348
1253.0,0.0,1253.0,0.0348
1254.0,0.0,1254.0,0.0348
1255.0,0.0,1255.0,0.0
1256.0,0.521,1256.0,0.0
1257.0,0.0,1257.0,0.0
1258.0,0.0,1258.0,0.0
1259.0,0.0,1259.0,0.0
1260.0,0.0,1260.0,0.0348
1261.0,0.0,1261.0,0.0116
1262.0,0.0,1262.0,0.0
1263.0,0.0,1263.0,0.0
1264.0,0.0,1264.0,0.0
1265.0,0.0,1265.0,0.0
1266.0,0.0,1266.0,0.0
1267.0,0.0,1267.0,0.0232
1268.0,0.0,1268.0,0.0579
1269.0,0.0,1269.0,0.0348
1270.0,0.0,1270.0,0.0348
1271.0,0.0,1271.0,0.0695
1272.0,0.0,1272.0,0.0695
1273.0,0.0,1273.0,0.0811
1274.0,0.0,1274.0,0.0927
1275.0,0.0,1275.0,0.0579
1276.0,0.0,1276.0,0.0811
1277.0,0.0,1277.0,0.0579
1278.0,0.0,1278.0,0.0695
1279.0,0.0,1279.0,0.104
1280.0,0.521,1280.0,0.0579
1281.0,0.0,1281.0,0.0
1282.0,0.521,1282.0,0.0
1283.0,0.0,1283.0,0.0
1284.0,0.0,1284.0,0.0463
1285.0,0.0,1285.0,0.0
1286.0,0.0,1286.0,0.0
1287.0,0.0,1287.0,0.0
1288.0,0.0,1288.0,0.0348
1289.0,0.0,1289.0,0.0579
1290.0,0.0,1290.0,0.0579
1291.0,0.0,1291.0,0.0811
1292.0,0.0,1292.0,0.0579
1293.0,0.0,1293.0,0.0579
1294.0,0.0,1294.0,0.0463
1295.0,0.0,1295.0,0.0348
1296.0,0.0,1296.0,0.0348
1297.0,0.0,1297.0,0.0463
1298.0,0.0,1298.0,0.104
1299.0,0.0,1299.0,0.0927
1300.0,0.0,1300.0,0.139
1301.0,0.0,1301.0,0.0
1302.0,0.0,1302.0,0.0
1303.0,0.0,1303.0,0.0
1304.0,0.0,1304.0,0.0
1305.0,0.0,1305.0,0.0
1306.0,0.0,1306.0,0.0
1307.0,0.521,1307.0,0.0
1308.0,0.0,1308.0,0.0
1309.0,0.0,1309.0,0.0
1310.0,0.0,1310.0,0.0
1311.0,0.0,1311.0,0.0
1312.0,0.521,1312.0,0.0
1313.0,0.0,1313.0,0.0116
1314.0,0.0,1314.0,0.0348
1315.0,0.0,1315.0,0.0
1316.0,0.0,1316.0,0.0
1317.0,0.0,1317.0,0.0
1318.0,0.0,1318.0,0.0463
1319.0,0.0,1319.0,0.0579
1320.0,0.0,1320.0,0.0811
1321.0,0.0,1321.0,0.0579
1322.0,0.0,1322.0,0.0579
1323.0,0.0,1323.0,0.0811
1324.0,0.0,1324.0,0.0695
1325.0,0.0,1325.0,0.0811
1326.0,0.0,1326.0,0.0463
1327.0,0.0,1327.0,0.0695
1328.0,0.0,1328.0,0.0463
1329.0,0.0,1329.0,0.0927
1330.0,0.0,1330.0,0.0579
1331.0,0.521,1331.0,0.0348
1332.0,0.0,1332.0,0.0463
1333.0,0.0,1333.0,0.0
1334.0,0.521,1334.0,0.0
1335.0,0.0,1335.0,0.0116
1336.0,0.0,1336.0,0.0348
1337.0,0.0,1337.0,0.0
1338.0,0.0,1338.0,0.0
1339.0,0.0,1339.0,0.0
1340.0,0.0,1340.0,0.0579
1341.0,0.0,1341.0,0.0463
1342.0,0.0,1342.0,0.0927
1343.0,0.0,1343.0,0.0348
1344.0,0.0,1344.0,0.0579
1345.0,0.0,1345.0,0.0463
1346.0,0.0,1346.0,0.0463
1347.0,0.0,1347.0,0.116
1348.0,0.0,1348.0,0.0695
1349.0,0.0,1349.0,0.0695
1350.0,0.0,1350.0,0.0927
1351.0,0.0,1351.0,0.0579
1352.0,0.0,1352.0,0.0
1353.0,0.521,1353.0,0.0
1354.0,0.0,1354.0,0.0
1355.0,0.0,1355.0,0.0463
1356.0,0.0,1356.0,0.0463
1357.0,0.0,1357.0,0.0463
1358.0,0.0,1358.0,0.0232
1359.0,0.0,1359.0,0.0348
1360.0,0.0,1360.0,0.0463
1361.0,0.0,1361.0,0.0463
1362.0,0.0,1362.0,0.0348
1363.0,0.0,1363.0,0.0232
1364.0,0.0,1364.0,0.0232
1365.0,0.0,1365.0,0.0348
1366.0,0.0,1366.0,0.0463
1367.0,0.521,1367.0,0.0695
1368.0,0.0,1368.0,0.0232
1369.0,0.0,1369.0,0.0232
1370.0,0.0,1370.0,0.0
1371.0,0.0,1371.0,0.0
1372.0,0.0,1372.0,0.0
1373.0,0.0,1373.0,0.0463
1374.0,0.0,1374.0,0.0695
1375.0,0.0,1375.0,0.0811
1376.0,0.0,1376.0,0.0695
1377.0,0.0,1377.0,0.0695
1378.0,0.0,1378.0,0.0579
1379.0,0.521,1379.0,0.0579
1380.0,0.0,1380.0,0.0348
1381.0,0.0,1381.0,0.0579
1382.0,0.0,1382.0,0.0463
1383.0,0.0,1383.0,0.0348
1384.0,0.0,1384.0,0.0579
1385.0,0.0,1385.0,0.0232
1386.0,0.0,1386.0,0.0348
1387.0,0.0,1387.0,0.0348
1388.0,0.0,1388.0,0.0348
1389.0,0.0,1389.0,0.0348
1390.0,0.521,1390.0,0.0232
1391.0,0.0,1391.0,0.0
1392.0,0.0,1392.0,0.0
1393.0,0.0,1393.0,0.0
1394.0,0.0,1394.0,0.0
1395.0,0.0,1395.0,0.0463
1396.0,0.0,1396.0,0.0
1397.0,0.0,1397.0,0.0
1398.0,0.0,1398.0,0.0811
1399.0,0.0,1399.0,0.0927
1400.0,0.0,1400.0,0.0811
1401.0,0.0,1401.0,0.0579
1402.0,0.0,1402.0,0.0579
1403.0,0.0,1403.0,0.0811
1404.0,0.0,1404.0,0.0463
1405.0,0.0,1405.0,0.0348
1406.0,0.0,1406.0,0.0579
1407.0,0.0,1407.0,0.0463
1408.0,0.0,1408.0,0.0579
1409.0,0.0,1409.0,0.0811
1410.0,0.521,1410.0,0.0579
1411.0,0.0,1411.0,0.0463
1412.0,0.0,1412.0,0.0232
1413.0,0.0,1413.0,0.0695
1414.0,0.0,1414.0,0.0463
1415.0,0.521,1415.0,0.0348
1416.0,0.0,1416.0,0.0
1417.0,0.0,1417.0,0.0
1418.0,0.0,1418.0,0.0
1419.0,0.0,1419.0,0.0348
1420.0,0.0,1420.0,0.0232
1421.0,0.0,1421.0,0.116
1422.0,0.0,1422.0,0.116
1423.0,0.0,1423.0,0.0579
1424.0,0.0,1424.0,0.0695
1425.0,0.0,1425.0,0.0579
1426.0,0.0,1426.0,0.0579
1427.0,0.0,1427.0,0.0927
1428.0,0.0,1428.0,0.0463
1429.0,0.0,1429.0,0.0463
1430.0,0.521,1430.0,0.0463
1431.0,0.0,1431.0,0.0695
1432.0,0.0,1432.0,0.0463
1433.0,0.0,1433.0,0.0232
1434.0,0.0,1434.0,0.0463
1435.0,0.0,1435.0,0.0348
1436.0,0.521,1436.0,0.0348
1437.0,0.0,1437.0,0.0348
1438.0,0.0,1438.0,0.0232
1439.0,0.0,1439.0,0.0348
1440.0,0.0,1440.0,0.0579
1441.0,0.0,1441.0,0.0
1442.0,0.0,1442.0,0.0
1443.0,0.0,1443.0,0.0116
1444.0,0.0,1444.0,0.0348
1445.0,0.0,1445.0,0.0
1446.0,0.0,1446.0,0.0579
1447.0,0.0,1447.0,0.0927
1448.0,0.0,1448.0,0.116
1449.0,0.0,1449.0,0.0811
1450.0,0.0,1450.0,0.0695
1451.0,0.0,1451.0,0.0811
1452.0,0.521,1452.0,0.0695
1453.0,0.0,1453.0,0.0348
1454.0,0.0,1454.0,0.0463
1455.0,0.0,1455.0,0.0579
1456.0,0.0,1456.0,0.0463
1457.0,0.0,1457.0,0.0579
1458.0,0.0,1458.0,0.0811
1459.0,0.0,1459.0,0.0695
1460.0,0.521,1460.0,0.0348
1461.0,0.0,1461.0,0.0463
1462.0,0.0,1462.0,0.0116
1463.0,0.0,1463.0,0.0
1464.0,0.0,1464.0,0.0463
1465.0,0.0,1465.0,0.0232
1466.0,0.0,1466.0,0.0695
1467.0,0.0,1467.0,0.0579
1468.0,0.0,1468.0,0.0579
1469.0,0.0,1469.0,0.0579
1470.0,0.0,1470.0,0.0463
1471.0,0.0,1471.0,0.0579
1472.0,0.0,1472.0,0.0463
1473.0,0.0,1473.0,0.0116
1474.0,0.521,1474.0,0.0116
1475.0,0.0,1475.0,0.0116
1476.0,0.0,1476.0,0.0232
1477.0,0.0,1477.0,0.0116
1478.0,0.0,1478.0,0.0232
1479.0,0.0,1479.0,0.0463
1480.0,0.0,1480.0,0.0927
1481.0,0.0,1481.0,0.0579
1482.0,0.521,1482.0,0.0
1483.0,0.0,1483.0,0.0811
1484.0,0.0,1484.0,0.0811
1485.0,0.0,1485.0,0.104
1486.0,0.0,1486.0,0.139
1487.0,0.521,1487.0,0.162
1488.0,0.0,1488.0,0.0927
1489.0,0.0,1489.0,0.0463
1490.0,0.0,1490.0,0.0348
1491.0,0.0,1491.0,0.0463
1492.0,0.0,1492.0,0.0463
1493.0,0.0,1493.0,0.0116
1494.0,0.0,1494.0,0.0116
1495.0,0.0,1495.0,0.0232
1496.0,0.0,1496.0,0.0232
1497.0,0.0,1497.0,0.0
1498.0,0.0,1498.0,0.0
1499.0,0.521,1499.0,0.0
1500.0,0.0,1500.0,0.0348
1501.0,0.0,1501.0,0.0116
1502.0,0.0,1502.0,0.0
1503.0,0.0,1503.0,0.0116
1504.0,0.0,1504.0,0.0811
1505.0,0.0,1505.0,0.0927
1506.0,0.0,1506.0,0.0811
1507.0,0.0,1507.0,0.0811
1508.0,0.0,1508.0,0.0927
1509.0,0.0,1509.0,0.139
1510.0,0.0,1510.0,0.174
1511.0,0.0,1511.0,0.162
1512.0,0.0,1512.0,0.127
1513.0,0.0,1513.0,0.116
1514.0,0.521,1514.0,0.0579
1515.0,0.0,1515.0,0.0695
1516.0,0.521,1516.0,0.0
1517.0,0.0,1517.0,0.0
1518.0,0.0,1518.0,0.0
1519.0,0.0,1519.0,0.0
1520.0,0.0,1520.0,0.0116
1521.0,0.0,1521.0,0.0348
1522.0,0.0,1522.0,0.0
1523.0,0.0,1523.0,0.0
1524.0,0.0,1524.0,0.0
1525.0,0.0,1525.0,0.0348
1526.0,0.0,1526.0,0.0811
1527.0,0.0,1527.0,0.0927
1528.0,0.0,1528.0,0.0927
1529.0,0.0,1529.0,0.0811
1530.0,0.0,1530.0,0.0811
1531.0,0.0,1531.0,0.0927
1532.0,0.0,1532.0,0.104
1533.0,0.0,1533.0,0.139
1534.0,0.0,1534.0,0.174
1535.0,0.521,1535.0,0.255
1536.0,1.04,1536.0,0.116
1537.0,0.0,1537.0,0.0348
1538.0,0.0,1538.0,0.0
1539.0,0.0,1539.0,0.0
1540.0,0.0,1540.0,0.0
1541.0,0.0,1541.0,0.0
1542.0,0.0,1542.0,0.0463
1543.0,0.0,1543.0,0.0
1544.0,0.0,1544.0,0.0
1545.0,0.0,1545.0,0.0
1546.0,0.0,1546.0,0.0116
1547.0,0.0,1547.0,0.139
1548.0,0.0,1548.0,0.22
1549.0,0.0,1549.0,0.232
1550.0,0.0,1550.0,0.209
1551.0,0.521,1551.0,0.185
1552.0,0.0,1552.0,0.104
1553.0,0.0,1553.0,0.0927
1554.0,0.0,1554.0,0.116
1555.0,0.0,1555.0,0.0811
1556.0,0.0,1556.0,0.0695
1557.0,0.0,1557.0,0.0927
1558.0,0.0,1558.0,0.0695
1559.0,0.0,1559.0,0.0927
1560.0,0.521,1560.0,0.0927
1561.0,0.0,1561.0,0.0927
1562.0,0.0,1562.0,0.0927
1563.0,0.521,1563.0,0.0232
1564.0,0.0,1564.0,0.0463
1565.0,0.0,1565.0,0.0463
1566.0,0.521,1566.0,0.0695
1567.0,0.0,1567.0,0.0811
1568.0,0.0,1568.0,0.0116
1569.0,0.0,1569.0,0.0463
1570.0,0.0,1570.0,0.139
1571.0,0.0,1571.0,0.151
1572.0,0.0,1572.0,0.0811
1573.0,0.0,1573.0,0.104
1574.0,0.521,1574.0,0.0811
1575.0,0.0,1575.0,0.0811
1576.0,0.0,1576.0,0.0695
1577.0,0.0,1577.0,0.0811
1578.0,0.0,1578.0,0.0811
1579.0,0.0,1579.0,0.0463
1580.0,0.0,1580.0,0.0579
1581.0,0.0,1581.0,0.0579
1582.0,0.521,1582.0,0.0348
1583.0,0.0,1583.0,0.0463
1584.0,0.0,1584.0,0.0232
1585.0,0.0,1585.0,0.0579
1586.0,0.521,1586.0,0.0927
1587.0,0.0,1587.0,0.0579
1588.0,0.0,1588.0,0.0
1589.0,0.0,1589.0,0.0463
1590.0,0.0,1590.0,0.0116
1591.0,0.0,1591.0,0.116
1592.0,0.0,1592.0,0.116
1593.0,0.0,1593.0,0.116
1594.0,0.0,1594.0,0.0927
1595.0,0.0,1595.0,0.104
1596.0,0.0,1596.0,0.0811
1597.0,0.0,1597.0,0.116
1598.0,0.0,1598.0,0.116
1599.0,0.0,1599.0,0.162
1600.0,0.0,1600.0,0.127
1601.0,0.0,1601.0,0.185
1602.0,0.0,1602.0,0.0579
1603.0,0.0,1603.0,0.116
1604.0,0.521,1604.0,0.0695
1605.0,0.0,1605.0,0.174
1606.0,0.521,1606.0,0.0
1607.0,0.521,1607.0,0.0116
1608.0,0.0,1608.0,0.0348
1609.0,0.0,1609.0,0.0116
1610.0,0.0,1610.0,0.0927
1611.0,0.0,1611.0,0.0579
1612.0,0.0,1612.0,0.0695
1613.0,0.0,1613.0,0.0811
1614.0,0.0,1614.0,0.0695
1615.0,0.0,1615.0,0.0927
1616.0,0.0,1616.0,0.0232
1617.0,0.0,1617.0,0.0348
1618.0,0.521,1618.0,0.0232
1619.0,0.0,1619.0,0.0579
1620.0,0.0,1620.0,0.0695
1621.0,0.0,1621.0,0.0695
1622.0,0.521,1622.0,0.174
1623.0,0.0,1623.0,0.0232
1624.0,0.0,1624.0,0.0
1625.0,0.0,1625.0,0.0232
1626.0,0.0,1626.0,0.0232
1627.0,0.0,1627.0,0.0
1628.0,0.0,1628.0,0.139
1629.0,0.0,1629.0,0.116
1630.0,0.0,1630.0,0.0811
1631.0,0.0,1631.0,0.0927
1632.0,0.0,1632.0,0.0811
1633.0,0.0,1633.0,0.0927
1634.0,0.521,1634.0,0.0927
1635.0,0.0,1635.0,0.0927
1636.0,0.0,1636.0,0.139
1637.0,0.0,1637.0,0.162
1638.0,0.0,1638.0,0.162
1639.0,0.521,1639.0,0.162
1640.0,0.0,1640.0,0.116
1641.0,0.0,1641.0,0.0811
1642.0,0.521,1642.0,0.0811
1643.0,0.0,1643.0,0.0927
1644.0,0.521,1644.0,0.0927
1645.0,0.0,1645.0,0.0116
1646.0,0.0,1646.0,0.0
1647.0,0.0,1647.0,0.0
1648.0,0.0,1648.0,0.0
1649.0,0.0,1649.0,0.0
1650.0,0.0,1650.0,0.0116
1651.0,0.0,1651.0,0.0348
1652.0,0.0,1652.0,0.0
1653.0,0.0,1653.0,0.0
1654.0,0.0,1654.0,0.0232
1655.0,0.0,1655.0,0.0927
1656.0,0.0,1656.0,0.127
1657.0,0.0,1657.0,0.174
1658.0,0.0,1658.0,0.104
1659.0,0.0,1659.0,0.127
1660.0,0.0,1660.0,0.139
1661.0,0.521,1661.0,0.162
1662.0,0.0,1662.0,0.151
1663.0,0.0,1663.0,0.139
1664.0,0.521,1664.0,0.104
1665.0,0.0,1665.0,0.104
1666.0,0.0,1666.0,0.0927
1667.0,0.0,1667.0,0.104
1668.0,0.0,1668.0,0.0811
1669.0,0.521,1669.0,0.116
1670.0,0.0,1670.0,0.0695
1671.0,0.0,1671.0,0.0
1672.0,0.0,1672.0,0.0
1673.0,0.521,1673.0,0.0
1674.0,0.0,1674.0,0.0
1675.0,0.0,1675.0,0.0116
1676.0,0.0,1676.0,0.0348
1677.0,0.0,1677.0,0.0
1678.0,0.0,1678.0,0.0
1679.0,0.0,1679.0,0.0695
1680.0,0.0,1680.0,0.127
1681.0,0.0,1681.0,0.0927
1682.0,0.0,1682.0,0.0927
1683.0,0.0,1683.0,0.104
1684.0,0.0,1684.0,0.104
1685.0,0.0,1685.0,0.116
1686.0,0.0,1686.0,0.0927
1687.0,0.0,1687.0,0.127
1688.0,0.0,1688.0,0.104
1689.0,0.0,1689.0,0.0927
1690.0,0.521,1690.0,0.104
1691.0,0.0,1691.0,0.127
1692.0,0.521,1692.0,0.151
1693.0,0.0,1693.0,0.116
1694.0,0.0,1694.0,0.127
1695.0,0.521,1695.0,0.104
1696.0,0.0,1696.0,0.104
1697.0,0.521,1697.0,0.0
1698.0,0.0,1698.0,0.0
1699.0,0.0,1699.0,0.0
1700.0,0.0,1700.0,0.0116
1701.0,0.0,1701.0,0.0348
1702.0,0.0,1702.0,0.0
1703.0,0.0,1703.0,0.0
1704.0,0.0,1704.0,0.0
1705.0,0.0,1705.0,0.0
1706.0,0.0,1706.0,0.0116
1707.0,0.0,1707.0,0.0695
1708.0,0.0,1708.0,0.162
1709.0,0.0,1709.0,0.174
1710.0,0.0,1710.0,0.22
1711.0,0.0,1711.0,0.185
1712.0,0.0,1712.0,0.266
1713.0,0.521,1713.0,0.29
1714.0,0.521,1714.0,0.127
1715.0,0.521,1715.0,0.0
1716.0,0.0,1716.0,0.0
1717.0,0.0,1717.0,0.0463
1718.0,0.0,1718.0,0.0
1719.0,0.0,1719.0,0.0
1720.0,0.0,1720.0,0.0579
1721.0,0.0,1721.0,0.0927
1722.0,0.0,1722.0,0.104
1723.0,0.0,1723.0,0.104
1724.0,0.0,1724.0,0.0927
1725.0,0.0,1725.0,0.139
1726.0,0.0,1726.0,0.127
1727.0,0.0,1727.0,0.127
1728.0,0.0,1728.0,0.151
1729.0,0.0,1729.0,0.127
1730.0,0.521,1730.0,0.0927
1731.0,0.521,1731.0,0.151
1732.0,0.0,1732.0,0.0232
1733.0,0.0,1733.0,0.0463
1734.0,0.0,1734.0,0.0
1735.0,0.0,1735.0,0.0348
1736.0,0.0,1736.0,0.104
1737.0,0.0,1737.0,0.104
1738.0,0.0,1738.0,0.0927
1739.0,0.0,1739.0,0.104
1740.0,0.0,1740.0,0.116
1741.0,0.0,1741.0,0.139
1742.0,0.0,1742.0,0.0811
1743.0,0.521,1743.0,0.116
1744.0,0.0,1744.0,0.104
1745.0,0.0,1745.0,0.127
1746.0,0.521,1746.0,0.116
1747.0,0.0,1747.0,0.0116
1748.0,0.521,1748.0,0.0
1749.0,0.0,1749.0,0.0
1750.0,0.0,1750.0,0.0463
1751.0,0.0,1751.0,0.0348
1752.0,0.0,1752.0,0.139
1753.0,0.0,1753.0,0.116
1754.0,0.0,1754.0,0.104
1755.0,0.0,1755.0,0.104
1756.0,0.0,1756.0,0.104
1757.0,0.0,1757.0,0.0927
1758.0,0.0,1758.0,0.0695
1759.0,0.0,1759.0,0.104
1760.0,0.0,1760.0,0.104
1761.0,0.521,1761.0,0.116
1762.0,0.0,1762.0,0.104
1763.0,0.0,1763.0,0.0348
1764.0,0.521,1764.0,0.0463
1765.0,0.0,1765.0,0.0
1766.0,0.0,1766.0,0.0
1767.0,0.0,1767.0,0.0
1768.0,0.0,1768.0,0.0
1769.0,0.0,1769.0,0.0463
1770.0,0.0,1770.0,0.0
1771.0,0.0,1771.0,0.0116
1772.0,0.0,1772.0,0.151
1773.0,0.0,1773.0,0.116
1774.0,0.0,1774.0,0.104
1775.0,0.521,1775.0,0.0927
1776.0,0.0,1776.0,0.0927
1777.0,0.0,1777.0,0.116
1778.0,0.0,1778.0,0.0695
1779.0,0.0,1779.0,0.0695
1780.0,0.0,1780.0,0.0811
1781.0,0.0,1781.0,0.0695
1782.0,0.0,1782.0,0.0811
1783.0,0.0,1783.0,0.104
1784.0,0.521,1784.0,0.0811
1785.0,0.0,1785.0,0.0695
1786.0,0.0,1786.0,0.0463
1787.0,0.521,1787.0,0.0463
1788.0,0.0,1788.0,0.0579
1789.0,0.0,1789.0,0.0
1790.0,0.0,1790.0,0.0
1791.0,0.0,1791.0,0.0463
1792.0,0.0,1792.0,0.0
1793.0,0.0,1793.0,0.0232
1794.0,0.0,1794.0,0.0927
1795.0,0.0,1795.0,0.0811
1796.0,0.0,1796.0,0.0695
1797.0,0.0,1797.0,0.0579
1798.0,0.0,1798.0,0.0811
1799.0,0.0,1799.0,0.0695
1800.0,0.0,1800.0,0.0695
1801.0,0.0,1801.0,0.0695
1802.0,0.0,1802.0,0.104
1803.0,0.0,1803.0,0.116
1804.0,0.0,1804.0,0.104
1805.0,0.521,1805.0,0.0579
1806.0,0.0,1806.0,0.0
1807.0,0.521,1807.0,0.0348
1808.0,0.0,1808.0,0.0579
1809.0,0.0,1809.0,0.0
1810.0,0.0,1810.0,0.0
1811.0,0.0,1811.0,0.0
1812.0,0.0,1812.0,0.0
1813.0,0.0,1813.0,0.0695
1814.0,0.521,1814.0,0.116
1815.0,0.0,1815.0,0.104
1816.0,0.0,1816.0,0.104
1817.0,0.0,1817.0,0.0811
1818.0,0.0,1818.0,0.0811
1819.0,0.0,1819.0,0.0232
1820.0,0.0,1820.0,0.0579
1821.0,0.0,1821.0,0.0463
1822.0,0.0,1822.0,0.0116
1823.0,0.0,1823.0,0.0695
1824.0,0.0,1824.0,0.0579
1825.0,0.0,1825.0,0.0232
1826.0,0.521,1826.0,0.0232
1827.0,0.0,1827.0,0.0232
1828.0,0.0,1828.0,0.0232
1829.0,0.0,1829.0,0.0
1830.0,0.0,1830.0,0.0
1831.0,0.0,1831.0,0.0116
1832.0,0.0,1832.0,0.0348
1833.0,0.0,1833.0,0.0
1834.0,0.0,1834.0,0.0579
1835.0,0.0,1835.0,0.197
1836.0,0.0,1836.0,0.0927
1837.0,0.0,1837.0,0.116
1838.0,0.0,1838.0,0.116
1839.0,0.0,1839.0,0.0811
1840.0,0.521,1840.0,0.0695
1841.0,0.0,1841.0,0.0927
1842.0,0.0,1842.0,0.116
1843.0,0.0,1843.0,0.0811
1844.0,0.521,1844.0,0.0927
1845.0,0.0,1845.0,0.0811
1846.0,0.0,1846.0,0.0811
1847.0,0.0,1847.0,0.0927
1848.0,0.0,1848.0,0.0927
1849.0,0.0,1849.0,0.0811
1850.0,0.0,1850.0,0.104
1851.0,0.0,1851.0,0.127
1852.0,0.521,1852.0,0.139
1853.0,0.0,1853.0,0.127
1854.0,0.0,1854.0,0.127
1855.0,0.0,1855.0,0.127
1856.0,0.0,1856.0,0.0927
1857.0,0.521,1857.0,0.0927
1858.0,0.0,1858.0,0.0695
1859.0,0.521,1859.0,0.0695
1860.0,0.0,1860.0,0.0
1861.0,0.0,1861.0,0.0
1862.0,0.0,1862.0,0.0
1863.0,0.0,1863.0,0.0116
1864.0,0.0,1864.0,0.0348
1865.0,0.0,1865.0,0.0
1866.0,0.0,1866.0,0.0
1867.0,0.0,1867.0,0.0
1868.0,0.0,1868.0,0.0
1869.0,0.0,1869.0,0.0811
1870.0,0.0,1870.0,0.151
1871.0,0.0,1871.0,0.162
1872.0,0.0,1872.0,0.151
1873.0,0.0,1873.0,0.127
1874.0,0.0,1874.0,0.104
1875.0,0.0,1875.0,0.0811
1876.0,0.521,1876.0,0.0811
1877.0,0.0,1877.0,0.0579
1878.0,0.0,1878.0,0.0811
1879.0,0.521,1879.0,0.127
1880.0,0.521,1880.0,0.0463
1881.0,0.0,1881.0,0.0
1882.0,0.0,1882.0,0.0
1883.0,0.0,1883.0,0.0
1884.0,0.0,1884.0,0.0
1885.0,0.0,1885.0,0.0463
1886.0,0.0,1886.0,0.0
1887.0,0.0,1887.0,0.0
1888.0,0.0,1888.0,0.0
1889.0,0.0,1889.0,0.0
1890.0,0.0,1890.0,0.0
1891.0,0.0,1891.0,0.0116
1892.0,0.0,1892.0,0.185
1893.0,0.0,1893.0,0.209
1894.0,0.0,1894.0,0.255
1895.0,0.0,1895.0,0.151
1896.0,0.0,1896.0,0.139
1897.0,0.0,1897.0,0.116
1898.0,0.521,1898.0,0.209
1899.0,0.521,1899.0,0.0116
1900.0,0.0,1900.0,0.0
1901.0,0.0,1901.0,0.0232
1902.0,0.0,1902.0,0.0232
1903.0,0.0,1903.0,0.0
1904.0,0.0,1904.0,0.0
1905.0,0.0,1905.0,0.0
1906.0,0.0,1906.0,0.0579
1907.0,0.0,1907.0,0.104
1908.0,0.0,1908.0,0.0811
1909.0,0.0,1909.0,0.0927
1910.0,0.0,1910.0,0.104
1911.0,0.0,1911.0,0.174
1912.0,0.0,1912.0,0.209
1913.0,0.0,1913.0,0.185
1914.0,0.521,1914.0,0.104
1915.0,0.521,1915.0,0.0116
1916.0,0.521,1916.0,0.0463
1917.0,0.0,1917.0,0.0927
1918.0,0.0,1918.0,0.0927
1919.0,0.0,1919.0,0.0811
1920.0,0.0,1920.0,0.104
1921.0,0.0,1921.0,0.0927
1922.0,0.0,1922.0,0.0463
1923.0,0.0,1923.0,0.0463
1924.0,0.0,1924.0,0.0463
1925.0,0.0,1925.0,0.0811
1926.0,0.0,1926.0,0.0579
1927.0,0.521,1927.0,0.0463
1928.0,0.0,1928.0,0.0232
1929.0,0.0,1929.0,0.0232
1930.0,0.0,1930.0,0.0579
1931.0,0.0,1931.0,0.0
1932.0,0.0,1932.0,0.0
1933.0,0.0,1933.0,0.0463
1934.0,0.0,1934.0,0.0
1935.0,0.0,1935.0,0.0695
1936.0,0.0,1936.0,0.0811
1937.0,0.0,1937.0,0.0927
1938.0,0.521,1938.0,0.0811
1939.0,0.0,1939.0,0.0695
1940.0,0.0,1940.0,0.0811
1941.0,0.0,1941.0,0.0811
1942.0,0.0,1942.0,0.0811
1943.0,0.0,1943.0,0.0695
1944.0,0.0,1944.0,0.0811
1945.0,0.0,1945.0,0.0463
1946.0,0.0,1946.0,0.0463
1947.0,0.521,1947.0,0.0927
1948.0,0.0,1948.0,0.0348
1949.0,0.0,1949.0,0.0
1950.0,0.0,1950.0,0.0
1951.0,0.0,1951.0,0.0232
1952.0,0.0,1952.0,0.0232
1953.0,0.0,1953.0,0.0
1954.0,0.0,1954.0,0.0
1955.0,0.0,1955.0,0.0927
1956.0,0.0,1956.0,0.0927
1957.0,0.0,1957.0,0.116
1958.0,0.0,1958.0,0.0927
1959.0,0.0,1959.0,0.116
1960.0,0.521,1960.0,0.0927
1961.0,0.0,1961.0,0.0927
1962.0,0.0,1962.0,0.0927
1963.0,0.0,1963.0,0.0695
1964.0,0.0,1964.0,0.0927
1965.0,0.0,1965.0,0.104
1966.0,0.0,1966.0,0.116
1967.0,0.0,1967.0,0.116
1968.0,0.0,1968.0,0.104
1969.0,0.521,1969.0,0.0927
1970.0,0.0,1970.0,0.0927
1971.0,0.0,1971.0,0.0811
1972.0,0.0,1972.0,0.0927
1973.0,0.521,1973.0,0.0
1974.0,0.0,1974.0,0.0
1975.0,0.0,1975.0,0.0
1976.0,0.0,1976.0,0.0
1977.0,0.0,1977.0,0.0
1978.0,0.521,1978.0,0.0
1979.0,0.0,1979.0,0.0232
1980.0,0.0,1980.0,0.0232
1981.0,0.0,1981.0,0.0
1982.0,0.0,1982.0,0.0116
1983.0,0.0,1983.0,0.116
1984.0,0.0,1984.0,0.104
1985.0,0.0,1985.0,0.0927
1986.0,0.0,1986.0,0.0811
1987.0,0.0,1987.0,0.0811
1988.0,0.0,1988.0,0.0695
1989.0,0.0,1989.0,0.0927
1990.0,0.0,1990.0,0.0927
1991.0,0.0,1991.0,0.0811
1992.0,0.0,1992.0,0.0463
1993.0,0.521,1993.0,0.0579
1994.0,0.0,1994.0,0.0463
1995.0,0.0,1995.0,0.0579
1996.0,0.0,1996.0,0.0695
1997.0,0.0,1997.0,0.0811
1998.0,0.0,1998.0,0.0
1999.0,0.521,1999.0,0.0
2000.0,0.0,2000.0,0.0
2001.0,0.0,2001.0,0.0463
2002.0,0.0,2002.0,0.0116
2003.0,0.0,2003.0,0.0927
2004.0,0.0,2004.0,0.127
2005.0,0.0,2005.0,0.104
2006.0,0.0,2006.0,0.127
2007.0,0.0,2007.0,0.0811
2008.0,0.0,2008.0,0.104
2009.0,0.521,2009.0,0.0811
2010.0,0.0,2010.0,0.104
2011.0,0.0,2011.0,0.116
2012.0,0.0,2012.0,0.116
2013.0,0.0,2013.0,0.162
2014.0,0.521,2014.0,0.0116
2015.0,0.521,2015.0,0.0348
2016.0,0.0,2016.0,0.0232
2017.0,0.0,2017.0,0.151
2018.0,0.0,2018.0,0.116
2019.0,0.0,2019.0,0.104
2020.0,0.0,2020.0,0.139
2021.0,0.0,2021.0,0.0927
2022.0,0.0,2022.0,0.0927
2023.0,0.0,2023.0,0.104
2024.0,0.0,2024.0,0.0811
2025.0,0.521,2025.0,0.0348
2026.0,0.0,2026.0,0.0579
2027.0,0.0,2027.0,0.104
2028.0,0.0,2028.0,0.104
2029.0,0.0,2029.0,0.0348
2030.0,0.521,2030.0,0.0
2031.0,0.0,2031.0,0.0
2032.0,0.0,2032.0,0.0348
2033.0,0.0,2033.0,0.0116
2034.0,0.0,2034.0,0.0579
2035.0,0.0,2035.0,0.127
2036.0,0.0,2036.0,0.151
2037.0,0.0,2037.0,0.151
2038.0,0.0,2038.0,0.104
2039.0,0.0,2039.0,0.116
2040.0,0.0,2040.0,0.139
2041.0,0.521,2041.0,0.116
2042.0,0.0,2042.0,0.0811
2043.0,0.0,2043.0,0.116
2044.0,0.0,2044.0,0.0579
2045.0,0.521,2045.0,0.0
2046.0,0.0,2046.0,0.0
2047.0,0.521,2047.0,0.0463
2048.0,0.0,2048.0,0.0579
2049.0,0.0,2049.0,0.116
2050.0,0.0,2050.0,0.0811
2051.0,0.0,2051.0,0.104
2052.0,0.0,2052.0,0.104
2053.0,0.0,2053.0,0.104
2054.0,0.0,2054.0,0.0695
2055.0,0.0,2055.0,0.0463
2056.0,0.0,2056.0,0.0579
2057.0,0.0,2057.0,0.0811
2058.0,0.521,2058.0,0.0695
2059.0,0.0,2059.0,0.0579
2060.0,0.0,2060.0,0.0
2061.0,0.0,2061.0,0.0232
2062.0,0.521,2062.0,0.0811
2063.0,0.0,2063.0,0.127
2064.0,0.0,2064.0,0.104
2065.0,0.0,2065.0,0.0811
2066.0,0.0,2066.0,0.0695
2067.0,0.0,2067.0,0.0463
2068.0,0.0,2068.0,0.0579
2069.0,0.0,2069.0,0.0463
2070.0,0.0,2070.0,0.0463
2071.0,0.0,2071.0,0.0811
2072.0,0.0,2072.0,0.0232
2073.0,0.521,2073.0,0.0232
2074.0,0.0,2074.0,0.0579
2075.0,0.0,2075.0,0.0348
2076.0,0.0,2076.0,0.0463
2077.0,0.0,2077.0,0.0695
2078.0,0.0,2078.0,0.0927
2079.0,0.0,2079.0,0.116
2080.0,0.521,2080.0,0.116
2081.0,0.0,2081.0,0.0811
2082.0,0.0,2082.0,0.0811
2083.0,0.0,2083.0,0.0927
2084.0,0.0,2084.0,0.0927
2085.0,0.0,2085.0,0.104
2086.0,0.0,2086.0,0.0927
2087.0,0.521,2087.0,0.0811
2088.0,0.0,2088.0,0.0927
2089.0,0.0,2089.0,0.0927
2090.0,0.0,2090.0,0.0232
2091.0,0.521,2091.0,0.0463
2092.0,0.0,2092.0,0.0579
2093.0,0.0,2093.0,0.0695
2094.0,0.0,2094.0,0.0695
2095.0,0.0,2095.0,0.0811
2096.0,0.0,2096.0,0.0463
2097.0,0.0,2097.0,0.0579
2098.0,0.0,2098.0,0.104
2099.0,0.0,2099.0,0.0695
2100.0,0.0,2100.0,0.0579
2101.0,0.521,2101.0,0.0695
2102.0,0.0,2102.0,0.0695
2103.0,0.0,2103.0,0.0463
2104.0,0.0,2104.0,0.0579
2105.0,0.0,2105.0,0.0927
2106.0,0.0,2106.0,0.0927
2107.0,0.0,2107.0,0.0927
2108.0,0.0,2108.0,0.0811
2109.0,0.521,2109.0,0.0811
2110.0,0.0,2110.0,0.0463
2111.0,0.0,2111.0,0.0579
2112.0,0.0,2112.0,0.0811
2113.0,0.0,2113.0,0.0695
2114.0,0.0,2114.0,0.0811
2115.0,0.0,2115.0,0.0811
2116.0,0.521,2116.0,0.0579
2117.0,0.0,2117.0,0.0
2118.0,0.0,2118.0,0.0463
2119.0,0.0,2119.0,0.104
2120.0,0.0,2120.0,0.0927
2121.0,0.0,2121.0,0.0811
2122.0,0.0,2122.0,0.0695
2123.0,0.521,2123.0,0.0811
2124.0,0.0,2124.0,0.0927
2125.0,0.0,2125.0,0.0695
2126.0,0.0,2126.0,0.0116
2127.0,0.0,2127.0,0.0811
2128.0,0.0,2128.0,0.0811
2129.0,0.0,2129.0,0.0579
2130.0,0.521,2130.0,0.0811
2131.0,0.0,2131.0,0.0232
2132.0,0.0,2132.0,0.0695
2133.0,0.0,2133.0,0.0811
2134.0,0.0,2134.0,0.0811
2135.0,0.0,2135.0,0.0927
2136.0,0.0,2136.0,0.0927
2137.0,0.0,2137.0,0.0695
2138.0,0.521,2138.0,0.0811
2139.0,0.0,2139.0,0.0811
2140.0,0.0,2140.0,0.0927
2141.0,0.0,2141.0,0.104
2142.0,0.0,2142.0,0.0927
2143.0,0.0,2143.0,0.0348
2144.0,0.521,2144.0,0.0348
2145.0,0.0,2145.0,0.0116
2146.0,0.0,2146.0,0.104
2147.0,0.0,2147.0,0.127
2148.0,0.0,2148.0,0.0927
2149.0,0.0,2149.0,0.0695
2150.0,0.0,2150.0,0.0811
2151.0,0.0,2151.0,0.0811
2152.0,0.0,2152.0,0.0927
2153.0,0.0,2153.0,0.0811
2154.0,0.521,2154.0,0.0927
2155.0,0.0,2155.0,0.0695
2156.0,0.0,2156.0,0.0811
2157.0,0.0,2157.0,0.0
2158.0,0.521,2158.0,0.0579
2159.0,0.0,2159.0,0.0927
2160.0,0.0,2160.0,0.0811
2161.0,0.0,2161.0,0.0811
2162.0,0.0,2162.0,0.116
2163.0,0.0,2163.0,0.0579
2164.0,0.0,2164.0,0.116
2165.0,0.521,2165.0,0.0463
2166.0,0.0,2166.0,0.0579
2167.0,0.0,2167.0,0.0927
2168.0,0.0,2168.0,0.0348
2169.0,0.0,2169.0,0.0463
2170.0,0.0,2170.0,0.0463
2171.0,0.0,2171.0,0.0
2172.0,0.521,2172.0,0.0463
2173.0,0.0,2173.0,0.0695
2174.0,0.0,2174.0,0.0811
2175.0,0.0,2175.0,0.0695
2176.0,0.0,2176.0,0.0695
2177.0,0.0,2177.0,0.0695
2178.0,0.0,2178.0,0.0695
2179.0,0.0,2179.0,0.0348
2180.0,0.0,2180.0,0.0811
2181.0,0.0,2181.0,0.0927
2182.0,0.0,2182.0,0.0463
2183.0,0.521,2183.0,0.0695
2184.0,0.0,2184.0,0.0348
2185.0,0.0,2185.0,0.0
2186.0,0.0,2186.0,0.0463
2187.0,0.0,2187.0,0.0463
2188.0,0.0,2188.0,0.0695
2189.0,0.0,2189.0,0.0579
2190.0,0.0,2190.0,0.0695
2191.0,0.0,2191.0,0.0579
2192.0,0.521,2192.0,0.0695
2193.0,0.0,2193.0,0.0579
2194.0,0.0,2194.0,0.0695
2195.0,0.0,2195.0,0.0463
2196.0,0.0,2196.0,0.0695
2197.0,0.0,2197.0,0.0695
2198.0,0.0,2198.0,0.0579
2199.0,0.521,2199.0,0.0
2200.0,0.0,2200.0,0.0463
2201.0,0.0,2201.0,0.0232
2202.0,0.0,2202.0,0.0695
2203.0,0.0,2203.0,0.0579
2204.0,0.0,2204.0,0.0463
2205.0,0.0,2205.0,0.0579
2206.0,0.0,2206.0,0.0579
2207.0,0.0,2207.0,0.0579
2208.0,0.0,2208.0,0.0463
2209.0,0.0,2209.0,0.0348
2210.0,0.0,2210.0,0.0695
2211.0,0.0,2211.0,0.0348
2212.0,0.521,2212.0,0.0695
2213.0,0.0,2213.0,0.0695
2214.0,0.0,2214.0,0.0232
2215.0,0.0,2215.0,0.0695
2216.0,0.0,2216.0,0.0579
2217.0,0.0,2217.0,0.0463
2218.0,0.0,2218.0,0.0695
2219.0,0.0,2219.0,0.0463
2220.0,0.521,2220.0,0.0232
2221.0,0.0,2221.0,0.0348
2222.0,0.0,2222.0,0.0348
2223.0,0.0,2223.0,0.0463
2224.0,0.0,2224.0,0.0348
2225.0,0.0,2225.0,0.0232
2226.0,0.0,2226.0,0.0695
2227.0,0.0,2227.0,0.0116
2228.0,0.0,2228.0,0.0927
2229.0,0.0,2229.0,0.0463
2230.0,0.521,2230.0,0.0463
2231.0,0.0,2231.0,0.0463
2232.0,0.0,2232.0,0.0348
2233.0,0.0,2233.0,0.0579
2234.0,0.0,2234.0,0.0348
2235.0,0.0,2235.0,0.0348
2236.0,0.0,2236.0,0.0463
2237.0,0.0,2237.0,0.0463
2238.0,0.0,2238.0,0.0579
2239.0,0.0,2239.0,0.0463
2240.0,0.0,2240.0,0.0579
2241.0,0.521,2241.0,0.0695
2242.0,0.0,2242.0,0.0579
2243.0,0.0,2243.0,0.0579
2244.0,0.0,2244.0,0.0348
2245.0,0.0,2245.0,0.0463
2246.0,0.0,2246.0,0.0348
2247.0,0.0,2247.0,0.0348
2248.0,0.0,2248.0,0.0348
2249.0,0.0,2249.0,0.0463
2250.0,0.0,2250.0,0.0348
2251.0,0.0,2251.0,0.0348
2252.0,0.0,2252.0,0.0232
2253.0,0.521,2253.0,0.0463
2254.0,0.0,2254.0,0.0579
2255.0,0.0,2255.0,0.0811
2256.0,0.0,2256.0,0.0695
2257.0,0.0,2257.0,0.0695
2258.0,0.0,2258.0,0.0348
2259.0,0.0,2259.0,0.0348
2260.0,0.0,2260.0,0.0232
2261.0,0.0,2261.0,0.0348
2262.0,0.0,2262.0,0.0116
2263.0,0.0,2263.0,0.0463
2264.0,0.0,2264.0,0.0232
2265.0,0.0,2265.0,0.0232
2266.0,0.521,2266.0,0.0232
2267.0,0.0,2267.0,0.0232
2268.0,0.0,2268.0,0.0463
2269.0,0.0,2269.0,0.0811
2270.0,0.0,2270.0,0.0695
2271.0,0.0,2271.0,0.0579
2272.0,0.0,2272.0,0.0579
2273.0,0.0,2273.0,0.0579
2274.0,0.0,2274.0,0.0348
2275.0,0.0,2275.0,0.0463
2276.0,0.0,2276.0,0.0232
2277.0,0.0,2277.0,0.0232
2278.0,0.0,2278.0,0.0348
2279.0,0.0,2279.0,0.0348
2280.0,0.0,2280.0,0.0232
2281.0,0.521,2281.0,0.0116
2282.0,0.0,2282.0,0.0
2283.0,0.0,2283.0,0.0463
2284.0,0.0,2284.0,0.0579
2285.0,0.0,2285.0,0.0463
2286.0,0.0,2286.0,0.0695
2287.0,0.0,2287.0,0.0463
2288.0,0.0,2288.0,0.0579
2289.0,0.0,2289.0,0.0463
2290.0,0.0,2290.0,0.0348
2291.0,0.0,2291.0,0.0579
2292.0,0.0,2292.0,0.0232
2293.0,0.521,2293.0,0.0579
2294.0,0.0,2294.0,0.0463
2295.0,0.0,2295.0,0.0232
2296.0,0.0,2296.0,0.0348
2297.0,0.0,2297.0,0.0463
2298.0,0.0,2298.0,0.0579
2299.0,0.0,2299.0,0.0463
2300.0,0.0,2300.0,0.0348
2301.0,0.0,2301.0,0.0579
2302.0,0.0,2302.0,0.0232
2303.0,0.0,2303.0,0.0463
2304.0,0.521,2304.0,0.0348
2305.0,0.0,2305.0,0.0579
2306.0,0.0,2306.0,0.0463
2307.0,0.0,2307.0,0.0463
2308.0,0.0,2308.0,0.0463
2309.0,0.0,2309.0,0.0579
2310.0,0.0,2310.0,0.0232
2311.0,0.0,2311.0,0.104
2312.0,0.521,2312.0,0.0579
2313.0,0.0,2313.0,0.0463
2314.0,0.0,2314.0,0.0463
2315.0,0.0,2315.0,0.0348
2316.0,0.0,2316.0,0.0348
2317.0,0.0,2317.0,0.0232
2318.0,0.0,2318.0,0.0463
2319.0,0.0,2319.0,0.0348
2320.0,0.0,2320.0,0.0348
2321.0,0.0,2321.0,0.0463
2322.0,0.0,2322.0,0.0232
2323.0,0.0,2323.0,0.0579
2324.0,0.0,2324.0,0.0579
2325.0,0.521,2325.0,0.0579
2326.0,0.0,2326.0,0.0463
2327.0,0.0,2327.0,0.0579
2328.0,0.0,2328.0,0.0348
2329.0,0.0,2329.0,0.0348
2330.0,0.0,2330.0,0.0348
2331.0,0.0,2331.0,0.0348
2332.0,0.0,2332.0,0.0463
2333.0,0.0,2333.0,0.0232
2334.0,0.0,2334.0,0.0348
2335.0,0.0,2335.0,0.0232
2336.0,0.0,2336.0,0.0232
2337.0,0.0,2337.0,0.0348
2338.0,0.0,2338.0,0.0811
2339.0,0.521,2339.0,0.0463
2340.0,0.0,2340.0,0.0579
2341.0,0.0,2341.0,0.0579
2342.0,0.0,2342.0,0.0348
2343.0,0.0,2343.0,0.0463
2344.0,0.0,2344.0,0.0348
2345.0,0.0,2345.0,0.0348
2346.0,0.0,2346.0,0.0348
2347.0,0.0,2347.0,0.0348
2348.0,0.0,2348.0,0.0348
2349.0,0.0,2349.0,0.0232
2350.0,0.0,2350.0,0.0232
2351.0,0.0,2351.0,0.0579
2352.0,0.521,2352.0,0.0579
2353.0,0.0,2353.0,0.0463
2354.0,0.0,2354.0,0.0579
2355.0,0.0,2355.0,0.0463
2356.0,0.0,2356.0,0.0463
2357.0,0.0,2357.0,0.0579
2358.0,0.0,2358.0,0.0463
2359.0,0.0,2359.0,0.0463
2360.0,0.0,2360.0,0.0463
2361.0,0.0,2361.0,0.0348
2362.0,0.0,2362.0,0.0579
2363.0,0.521,2363.0,0.0348
2364.0,0.0,2364.0,0.0
2365.0,0.0,2365.0,0.0463
2366.0,0.0,2366.0,0.0348
2367.0,0.0,2367.0,0.0695
2368.0,0.0,2368.0,0.0579
2369.0,0.0,2369.0,0.0579
2370.0,0.0,2370.0,0.0695
2371.0,0.0,2371.0,0.0463
2372.0,0.0,2372.0,0.0348
2373.0,0.0,2373.0,0.0463
2374.0,0.0,2374.0,0.0463
2375.0,0.0,2375.0,0.0579
2376.0,0.0,2376.0,0.0579
2377.0,0.521,2377.0,0.0348
2378.0,0.0,2378.0,0.0695
2379.0,0.0,2379.0,0.0579
2380.0,0.0,2380.0,0.0
2381.0,0.0,2381.0,0.0463
2382.0,0.0,2382.0,0.0348
2383.0,0.0,2383.0,0.0579
2384.0,0.0,2384.0,0.0463
2385.0,0.0,2385.0,0.0463
2386.0,0.0,2386.0,0.0579
2387.0,0.0,2387.0,0.0463
2388.0,0.521,2388.0,0.0463
2389.0,0.0,2389.0,0.0695
2390.0,0.0,2390.0,0.0579
2391.0,0.0,2391.0,0.0579
2392.0,0.0,2392.0,0.0579
2393.0,0.0,2393.0,0.0695
2394.0,0.0,2394.0,0.0463
2395.0,0.521,2395.0,0.0463
2396.0,0.0,2396.0,0.0
2397.0,0.0,2397.0,0.0463
2398.0,0.0,2398.0,0.0232
2399.0,0.0,2399.0,0.0579
2400.0,0.0,2400.0,0.0463
2401.0,0.0,2401.0,0.0695
2402.0,0.0,2402.0,0.0579
2403.0,0.0,2403.0,0.0579
2404.0,0.0,2404.0,0.0695
2405.0,0.0,2405.0,0.0695
2406.0,0.0,2406.0,0.0811
2407.0,0.0,2407.0,0.0811
2408.0,0.521,2408.0,0.0579
2409.0,0.0,2409.0,0.0463
2410.0,0.0,2410.0,0.0463
2411.0,0.0,2411.0,0.0
2412.0,0.0,2412.0,0.0463
2413.0,0.0,2413.0,0.0463
2414.0,0.0,2414.0,0.0579
2415.0,0.0,2415.0,0.0695
2416.0,0.0,2416.0,0.0579
2417.0,0.0,2417.0,0.0695
2418.0,0.0,2418.0,0.0927
2419.0,0.0,2419.0,0.0695
2420.0,0.521,2420.0,0.0579
2421.0,0.0,2421.0,0.0695
2422.0,0.0,2422.0,0.139
2423.0,0.521,2423.0,0.0695
2424.0,0.0,2424.0,0.0348
2425.0,0.0,2425.0,0.0811
2426.0,0.0,2426.0,0.0695
2427.0,0.0,2427.0,0.0579
2428.0,0.0,2428.0,0.0695
2429.0,0.0,2429.0,0.0579
2430.0,0.0,2430.0,0.0579
2431.0,0.0,2431.0,0.0811
2432.0,0.0,2432.0,0.0811
2433.0,0.521,2433.0,0.0463
2434.0,0.0,2434.0,0.0927
2435.0,0.0,2435.0,0.0811
2436.0,0.521,2436.0,0.0348
2437.0,0.0,2437.0,0.0811
2438.0,0.0,2438.0,0.0927
2439.0,0.0,2439.0,0.0695
2440.0,0.0,2440.0,0.0579
2441.0,0.0,2441.0,0.0579
2442.0,0.0,2442.0,0.0232
2443.0,0.0,2443.0,0.0579
2444.0,0.0,2444.0,0.0463
2445.0,0.0,2445.0,0.0348
2446.0,0.0,2446.0,0.0463
2447.0,0.0,2447.0,0.0579
2448.0,0.521,2448.0,0.0463
2449.0,0.0,2449.0,0.0116
2450.0,0.0,2450.0,0.0348
2451.0,0.0,2451.0,0.0811
2452.0,0.0,2452.0,0.0695
2453.0,0.0,2453.0,0.0695
2454.0,0.0,2454.0,0.0579
2455.0,0.0,2455.0,0.0463
2456.0,0.0,2456.0,0.0579
2457.0,0.0,2457.0,0.0579
2458.0,0.0,2458.0,0.0348
2459.0,0.521,2459.0,0.0811
2460.0,0.0,2460.0,0.0579
2461.0,0.0,2461.0,0.0579
2462.0,0.0,2462.0,0.0927
2463.0,0.0,2463.0,0.0116
2464.0,0.0,2464.0,0.0463
2465.0,0.0,2465.0,0.0
2466.0,0.521,2466.0,0.0811
2467.0,0.0,2467.0,0.0695
2468.0,0.0,2468.0,0.0579
2469.0,0.0,2469.0,0.0579
2470.0,0.0,2470.0,0.0811
2471.0,0.0,2471.0,0.0695
2472.0,0.0,2472.0,0.0579
2473.0,0.0,2473.0,0.0579
2474.0,0.0,2474.0,0.0695
2475.0,0.0,2475.0,0.0579
2476.0,0.0,2476.0,0.0463
2477.0,0.521,2477.0,0.0695
2478.0,0.0,2478.0,0.104
2479.0,0.0,2479.0,0.0232
2480.0,0.0,2480.0,0.0348
2481.0,0.0,2481.0,0.0579
2482.0,0.0,2482.0,0.0579
2483.0,0.0,2483.0,0.0811
2484.0,0.521,2484.0,0.0695
2485.0,0.0,2485.0,0.0695
2486.0,0.0,2486.0,0.0579
2487.0,0.0,2487.0,0.0579
2488.0,0.0,2488.0,0.0695
2489.0,0.0,2489.0,0.0695
2490.0,0.0,2490.0,0.0695
2491.0,0.521,2491.0,0.104
2492.0,0.0,2492.0,0.0348
2493.0,0.0,2493.0,0.0463
2494.0,0.0,2494.0,0.0811
2495.0,0.0,2495.0,0.0579
2496.0,0.0,2496.0,0.0811
2497.0,0.0,2497.0,0.0695
2498.0,0.0,2498.0,0.0695
2499.0,0.0,2499.0,0.0811
2500.0,0.0,2500.0,0.0811
2501.0,0.521,2501.0,0.0695
2502.0,0.0,2502.0,0.0811
2503.0,0.0,2503.0,0.0695
2504.0,0.0,2504.0,0.0927
2505.0,0.0,2505.0,0.104
2506.0,0.521,2506.0,0.0927
2507.0,0.0,2507.0,0.0463
2508.0,0.0,2508.0,0.0348
2509.0,0.0,2509.0,0.0811
2510.0,0.0,2510.0,0.0811
2511.0,0.0,2511.0,0.0695
2512.0,0.0,2512.0,0.0811
2513.0,0.0,2513.0,0.0927
2514.0,0.521,2514.0,0.0811
2515.0,0.0,2515.0,0.0811
2516.0,0.0,2516.0,0.0811
2517.0,0.0,2517.0,0.0927
2518.0,0.0,2518.0,0.0695
2519.0,0.521,2519.0,0.104
2520.0,0.0,2520.0,0.0695
2521.0,0.0,2521.0,0.0348
2522.0,0.0,2522.0,0.0927
2523.0,0.0,2523.0,0.0695
2524.0,0.0,2524.0,0.0811
2525.0,0.0,2525.0,0.0811
2526.0,0.0,2526.0,0.0579
2527.0,0.0,2527.0,0.104
2528.0,0.521,2528.0,0.0811
2529.0,0.0,2529.0,0.0811
2530.0,0.0,2530.0,0.0811
2531.0,0.0,2531.0,0.0811
2532.0,0.0,2532.0,0.0811
2533.0,0.521,2533.0,0.139
2534.0,0.0,2534.0,0.0927
2535.0,0.0,2535.0,0.0463
2536.0,0.0,2536.0,0.0695
2537.0,0.0,2537.0,0.0695
2538.0,0.0,2538.0,0.0695
2539.0,0.0,2539.0,0.0695
2540.0,0.0,2540.0,0.0811
2541.0,0.521,2541.0,0.0695
2542.0,0.0,2542.0,0.0927
2543.0,0.0,2543.0,0.104
2544.0,0.0,2544.0,0.0695
2545.0,0.0,2545.0,0.0811
2546.0,0.521,2546.0,0.0811
2547.0,0.0,2547.0,0.0927
2548.0,0.0,2548.0,0.0463
2549.0,0.0,2549.0,0.0811
2550.0,0.0,2550.0,0.0695
2551.0,0.0,2551.0,0.0695
2552.0,0.0,2552.0,0.0811
2553.0,0.0,2553.0,0.0579
2554.0,0.0,2554.0,0.0695
2555.0,0.521,2555.0,0.0927
2556.0,0.0,2556.0,0.0579
2557.0,0.0,2557.0,0.0811
2558.0,0.0,2558.0,0.0695
2559.0,0.521,2559.0,0.0927
2560.0,0.0,2560.0,0.0811
2561.0,0.0,2561.0,0.0695
2562.0,0.0,2562.0,0.0695
2563.0,0.0,2563.0,0.0811
2564.0,0.0,2564.0,0.0695
2565.0,0.0,2565.0,0.0811
2566.0,0.0,2566.0,0.0695
2567.0,0.0,2567.0,0.0927
2568.0,0.521,2568.0,0.0695
2569.0,0.0,2569.0,0.0463
2570.0,0.0,2570.0,0.0927
2571.0,0.0,2571.0,0.0579
2572.0,0.521,2572.0,0.0579
2573.0,0.0,2573.0,0.0927
2574.0,0.0,2574.0,0.0695
2575.0,0.0,2575.0,0.0695
2576.0,0.0,2576.0,0.0695
2577.0,0.0,2577.0,0.0579
2578.0,0.0,2578.0,0.0579
2579.0,0.0,2579.0,0.0579
2580.0,0.0,2580.0,0.0695
2581.0,0.0,2581.0,0.0695
2582.0,0.521,2582.0,0.0579
2583.0,0.0,2583.0,0.0811
2584.0,0.0,2584.0,0.0463
2585.0,0.0,2585.0,0.0579
2586.0,0.0,2586.0,0.0811
2587.0,0.0,2587.0,0.0579
2588.0,0.0,2588.0,0.0579
2589.0,0.0,2589.0,0.0695
2590.0,0.0,2590.0,0.0579
2591.0,0.521,2591.0,0.0927
2592.0,0.0,2592.0,0.0463
2593.0,0.0,2593.0,0.0811
2594.0,0.0,2594.0,0.0695
2595.0,0.0,2595.0,0.0695
2596.0,0.0,2596.0,0.0811
2597.0,0.521,2597.0,0.0927
2598.0,0.0,2598.0,0.0579
2599.0,0.0,2599.0,0.0695
2600.0,0.0,2600.0,0.0695
2601.0,0.0,2601.0,0.0695
2602.0,0.0,2602.0,0.0811
2603.0,0.0,2603.0,0.0579
2604.0,0.0,2604.0,0.0811
2605.0,0.521,2605.0,0.0695
2606.0,0.0,2606.0,0.0811
2607.0,0.0,2607.0,0.0579
2608.0,0.0,2608.0,0.0695
2609.0,0.0,2609.0,0.0811
2610.0,0.521,2610.0,0.0695
2611.0,0.0,2611.0,0.0695
2612.0,0.0,2612.0,0.0695
2613.0,0.0,2613.0,0.0695
2614.0,0.0,2614.0,0.0695
2615.0,0.0,2615.0,0.0695
2616.0,0.0,2616.0,0.0579
2617.0,0.0,2617.0,0.0695
2618.0,0.0,2618.0,0.0695
2619.0,0.0,2619.0,0.0695
2620.0,0.521,2620.0,0.0579
2621.0,0.0,2621.0,0.0695
2622.0,0.0,2622.0,0.0811
2623.0,0.0,2623.0,0.0695
2624.0,0.0,2624.0,0.0579
2625.0,0.0,2625.0,0.0811
2626.0,0.0,2626.0,0.0695
2627.0,0.521,2627.0,0.0695
2628.0,0.0,2628.0,0.0463
2629.0,0.0,2629.0,0.0695
2630.0,0.0,2630.0,0.0811
2631.0,0.0,2631.0,0.0579
2632.0,0.0,2632.0,0.0579
2633.0,0.0,2633.0,0.0695
2634.0,0.0,2634.0,0.0463
2635.0,0.521,2635.0,0.0695
2636.0,0.0,2636.0,0.0579
2637.0,0.0,2637.0,0.0811
2638.0,0.0,2638.0,0.0695
2639.0,0.0,2639.0,0.0695
2640.0,0.0,2640.0,0.0695
2641.0,0.0,2641.0,0.0463
2642.0,0.0,2642.0,0.0695
2643.0,0.0,2643.0,0.0579
2644.0,0.521,2644.0,0.0695
2645.0,0.0,2645.0,0.0695
2646.0,0.0,2646.0,0.0579
2647.0,0.0,2647.0,0.0579
2648.0,0.0,2648.0,0.0811
2649.0,0.0,2649.0,0.0579
2650.0,0.521,2650.0,0.0695
2651.0,0.0,2651.0,0.0695
2652.0,0.0,2652.0,0.0463
2653.0,0.0,2653.0,0.0579
2654.0,0.0,2654.0,0.0579
2655.0,0.0,2655.0,0.0579
2656.0,0.0,2656.0,0.0695
2657.0,0.0,2657.0,0.0463
2658.0,0.0,2658.0,0.0695
2659.0,0.0,2659.0,0.0463
2660.0,0.521,2660.0,0.0579
2661.0,0.0,2661.0,0.0463
2662.0,0.0,2662.0,0.0927
2663.0,0.0,2663.0,0.0463
2664.0,0.0,2664.0,0.0695
2665.0,0.0,2665.0,0.0579
2666.0,0.0,2666.0,0.0463
2667.0,0.0,2667.0,0.0579
2668.0,0.0,2668.0,0.0579
2669.0,0.521,2669.0,0.0695
2670.0,0.0,2670.0,0.0463
2671.0,0.0,2671.0,0.0579
2672.0,0.0,2672.0,0.0579
2673.0,0.0,2673.0,0.0579
2674.0,0.0,2674.0,0.0579
2675.0,0.0,2675.0,0.0811
2676.0,0.0,2676.0,0.0579
2677.0,0.521,2677.0,0.0695
2678.0,0.0,2678.0,0.0463
2679.0,0.0,2679.0,0.0579
2680.0,0.0,2680.0,0.0579
2681.0,0.0,2681.0,0.0463
2682.0,0.0,2682.0,0.0579
2683.0,0.0,2683.0,0.0579
2684.0,0.0,2684.0,0.0579
2685.0,0.0,2685.0,0.0579
2686.0,0.0,2686.0,0.0695
2687.0,0.521,2687.0,0.0463
2688.0,0.0,2688.0,0.0348
2689.0,0.0,2689.0,0.0811
2690.0,0.0,2690.0,0.0695
2691.0,0.0,2691.0,0.0463
2692.0,0.0,2692.0,0.0463
2693.0,0.0,2693.0,0.0579
2694.0,0.0,2694.0,0.0579
2695.0,0.0,2695.0,0.0463
2696.0,0.521,2696.0,0.0695
2697.0,0.0,2697.0,0.0579
2698.0,0.0,2698.0,0.0579
2699.0,0.0,2699.0,0.0579
2700.0,0.0,2700.0,0.0811
2701.0,0.0,2701.0,0.0348
2702.0,0.0,2702.0,0.0811
2703.0,0.0,2703.0,0.0579
2704.0,0.521,2704.0,0.0579
2705.0,0.0,2705.0,0.0463
2706.0,0.0,2706.0,0.0579
2707.0,0.0,2707.0,0.0579
2708.0,0.0,2708.0,0.0695
2709.0,0.0,2709.0,0.0463
2710.0,0.0,2710.0,0.0695
2711.0,0.0,2711.0,0.0463
2712.0,0.0,2712.0,0.0695
2713.0,0.521,2713.0,0.0695
2714.0,0.0,2714.0,0.0695
2715.0,0.0,2715.0,0.0463
2716.0,0.0,2716.0,0.0695
2717.0,0.0,2717.0,0.0695
2718.0,0.0,2718.0,0.0579
2719.0,0.0,2719.0,0.0463
2720.0,0.0,2720.0,0.0579
2721.0,0.0,2721.0,0.0695
2722.0,0.521,2722.0,0.0695
2723.0,0.0,2723.0,0.0695
2724.0,0.0,2724.0,0.0579
2725.0,0.0,2725.0,0.0811
2726.0,0.0,2726.0,0.0695
2727.0,0.0,2727.0,0.0579
2728.0,0.0,2728.0,0.0695
2729.0,0.521,2729.0,0.0579
2730.0,0.0,2730.0,0.0695
2731.0,0.0,2731.0,0.0695
2732.0,0.0,2732.0,0.0579
2733.0,0.0,2733.0,0.0579
2734.0,0.0,2734.0,0.0695
2735.0,0.0,2735.0,0.0695
2736.0,0.0,2736.0,0.0927
2737.0,0.0,2737.0,0.0811
2738.0,0.521,2738.0,0.0579
2739.0,0.0,2739.0,0.104
2740.0,0.0,2740.0,0.0579
2741.0,0.0,2741.0,0.0463
2742.0,0.0,2742.0,0.0695
2743.0,0.0,2743.0,0.0579
2744.0,0.0,2744.0,0.0695
2745.0,0.0,2745.0,0.0695
2746.0,0.521,2746.0,0.0695
2747.0,0.0,2747.0,0.0695
2748.0,0.0,2748.0,0.0811
2749.0,0.0,2749.0,0.0811
2750.0,0.0,2750.0,0.0579
2751.0,0.0,2751.0,0.0579
2752.0,0.521,2752.0,0.116
2753.0,0.0,2753.0,0.0579
2754.0,0.0,2754.0,0.0579
2755.0,0.0,2755.0,0.0579
2756.0,0.0,2756.0,0.0579
2757.0,0.0,2757.0,0.0811
2758.0,0.0,2758.0,0.0695
2759.0,0.0,2759.0,0.0695
2760.0,0.0,2760.0,0.0695
2761.0,0.521,2761.0,0.0695
2762.0,0.0,2762.0,0.0695
2763.0,0.0,2763.0,0.0695
2764.0,0.0,2764.0,0.0579
2765.0,0.0,2765.0,0.127
2766.0,0.521,2766.0,0.0695
2767.0,0.0,2767.0,0.0695
2768.0,0.0,2768.0,0.0695
2769.0,0.0,2769.0,0.0579
2770.0,0.0,2770.0,0.0811
2771.0,0.0,2771.0,0.0695
2772.0,0.0,2772.0,0.0695
2773.0,0.0,2773.0,0.0695
2774.0,0.0,2774.0,0.0579
2775.0,0.521,2775.0,0.0695
2776.0,0.0,2776.0,0.0579
2777.0,0.0,2777.0,0.0579
2778.0,0.0,2778.0,0.0695
2779.0,0.0,2779.0,0.0811
2780.0,0.0,2780.0,0.0695
2781.0,0.0,2781.0,0.0811
2782.0,0.521,2782.0,0.0579
2783.0,0.0,2783.0,0.0579
2784.0,0.0,2784.0,0.0695
2785.0,0.0,2785.0,0.0579
2786.0,0.0,2786.0,0.0695
2787.0,0.0,2787.0,0.0695
2788.0,0.0,2788.0,0.0348
2789.0,0.521,2789.0,0.0811
2790.0,0.0,2790.0,0.0463
2791.0,0.0,2791.0,0.0695
2792.0,0.0,2792.0,0.0927
2793.0,0.0,2793.0,0.0695
2794.0,0.0,2794.0,0.0811
2795.0,0.0,2795.0,0.0463
2796.0,0.0,2796.0,0.0811
2797.0,0.0,2797.0,0.0463
2798.0,0.521,2798.0,0.0811
2799.0,0.0,2799.0,0.0579
2800.0,0.0,2800.0,0.0695
2801.0,0.0,2801.0,0.0579
2802.0,0.0,2802.0,0.0695
2803.0,0.0,2803.0,0.0232
2804.0,0.0,2804.0,0.0695
2805.0,0.521,2805.0,0.0811
2806.0,0.0,2806.0,0.0695
2807.0,0.0,2807.0,0.0695
2808.0,0.0,2808.0,0.0579
2809.0,0.0,2809.0,0.0695
2810.0,0.0,2810.0,0.0695
2811.0,0.0,2811.0,0.0579
2812.0,0.0,2812.0,0.0695
2813.0,0.0,2813.0,0.0579
2814.0,0.521,2814.0,0.0695
2815.0,0.0,2815.0,0.0695
2816.0,0.0,2816.0,0.0463
2817.0,0.0,2817.0,0.0463
2818.0,0.0,2818.0,0.104
2819.0,0.0,2819.0,0.0695
2820.0,0.0,2820.0,0.0927
2821.0,0.521,2821.0,0.0695
2822.0,0.0,2822.0,0.0695
2823.0,0.0,2823.0,0.0695
2824.0,0.0,2824.0,0.0927
2825.0,0.0,2825.0,0.0811
2826.0,0.0,2826.0,0.0811
2827.0,0.0,2827.0,0.0927
2828.0,0.0,2828.0,0.0811
2829.0,0.521,2829.0,0.104
2830.0,0.0,2830.0,0.0463
2831.0,0.0,2831.0,0.0927
2832.0,0.0,2832.0,0.0811
2833.0,0.0,2833.0,0.0695
2834.0,0.0,2834.0,0.0927
2835.0,0.0,2835.0,0.0927
2836.0,0.521,2836.0,0.0695
2837.0,0.0,2837.0,0.0927
2838.0,0.0,2838.0,0.0579
2839.0,0.0,2839.0,0.0927
2840.0,0.0,2840.0,0.0811
2841.0,0.0,2841.0,0.0927
2842.0,0.521,2842.0,0.0348
2843.0,0.0,2843.0,0.0579
2844.0,0.0,2844.0,0.0695
2845.0,0.0,2845.0,0.0811
2846.0,0.0,2846.0,0.0811
2847.0,0.0,2847.0,0.0695
2848.0,0.0,2848.0,0.0811
2849.0,0.0,2849.0,0.0811
2850.0,0.521,2850.0,0.0695
2851.0,0.0,2851.0,0.0695
2852.0,0.0,2852.0,0.0579
2853.0,0.0,2853.0,0.0579
2854.0,0.0,2854.0,0.0695
2855.0,0.0,2855.0,0.0579
2856.0,0.521,2856.0,0.0348
2857.0,0.0,2857.0,0.0232
2858.0,0.0,2858.0,0.0811
2859.0,0.0,2859.0,0.0695
2860.0,0.0,2860.0,0.0811
2861.0,0.0,2861.0,0.0695
2862.0,0.0,2862.0,0.0927
2863.0,0.0,2863.0,0.0463
2864.0,0.0,2864.0,0.0695
2865.0,0.0,2865.0,0.0811
2866.0,0.0,2866.0,0.0695
2867.0,0.0,2867.0,0.0811
2868.0,0.521,2868.0,0.0695
2869.0,0.0,2869.0,0.116
2870.0,0.0,2870.0,0.0348
2871.0,0.0,2871.0,0.0116
2872.0,0.521,2872.0,0.0348
2873.0,0.0,2873.0,0.0579
2874.0,0.0,2874.0,0.0695
2875.0,0.0,2875.0,0.0579
2876.0,0.0,2876.0,0.0811
2877.0,0.0,2877.0,0.0695
2878.0,0.0,2878.0,0.0811
2879.0,0.0,2879.0,0.0695
2880.0,0.0,2880.0,0.0695
2881.0,0.0,2881.0,0.0811
2882.0,0.0,2882.0,0.0695
2883.0,0.521,2883.0,0.0579
2884.0,0.0,2884.0,0.0
2885.0,0.0,2885.0,0.0463
2886.0,0.0,2886.0,0.0579
2887.0,0.0,2887.0,0.0579
2888.0,0.0,2888.0,0.0695
2889.0,0.0,2889.0,0.0579
2890.0,0.0,2890.0,0.0811
2891.0,0.521,2891.0,0.0695
2892.0,0.0,2892.0,0.0579
2893.0,0.0,2893.0,0.0579
2894.0,0.0,2894.0,0.0579
2895.0,0.0,2895.0,0.0695
2896.0,0.0,2896.0,0.0579
2897.0,0.0,2897.0,0.0
2898.0,0.521,2898.0,0.0232
2899.0,0.0,2899.0,0.0579
2900.0,0.0,2900.0,0.0695
2901.0,0.0,2901.0,0.0579
2902.0,0.0,2902.0,0.0579
2903.0,0.0,2903.0,0.0463
2904.0,0.0,2904.0,0.0695
2905.0,0.0,2905.0,0.0463
2906.0,0.0,2906.0,0.0579
2907.0,0.0,2907.0,0.0463
2908.0,0.0,2908.0,0.0579
2909.0,0.0,2909.0,0.0579
2910.0,0.521,2910.0,0.0
2911.0,0.0,2911.0,0.0463
2912.0,0.0,2912.0,0.0463
2913.0,0.0,2913.0,0.0579
2914.0,0.0,2914.0,0.0579
2915.0,0.0,2915.0,0.0695
2916.0,0.0,2916.0,0.0463
2917.0,0.0,2917.0,0.0579
2918.0,0.0,2918.0,0.0463
2919.0,0.0,2919.0,0.0695
2920.0,0.0,2920.0,0.0463
2921.0,0.521,2921.0,0.0579
2922.0,0.0,2922.0,0.0579
2923.0,0.0,2923.0,0.0348
2924.0,0.0,2924.0,0.0
2925.0,0.0,2925.0,0.0463
2926.0,0.0,2926.0,0.0811
2927.0,0.0,2927.0,0.0695
2928.0,0.0,2928.0,0.0695
2929.0,0.521,2929.0,0.0695
2930.0,0.0,2930.0,0.0579
2931.0,0.0,2931.0,0.0579
2932.0,0.0,2932.0,0.0579
2933.0,0.0,2933.0,0.0695
2934.0,0.0,2934.0,0.0579
2935.0,0.0,2935.0,0.0695
2936.0,0.0,2936.0,0.0579
2937.0,0.0,2937.0,0.0
2938.0,0.521,2938.0,0.0348
2939.0,0.0,2939.0,0.0579
2940.0,0.0,2940.0,0.0579
2941.0,0.0,2941.0,0.0695
2942.0,0.0,2942.0,0.0579
2943.0,0.0,2943.0,0.0811
2944.0,0.0,2944.0,0.0695
2945.0,0.0,2945.0,0.0579
2946.0,0.0,2946.0,0.0579
2947.0,0.0,2947.0,0.0695
2948.0,0.0,2948.0,0.0463
2949.0,0.521,2949.0,0.0695
2950.0,0.0,2950.0,0.0116
2951.0,0.0,2951.0,0.0
2952.0,0.0,2952.0,0.0463
2953.0,0.0,2953.0,0.0579
2954.0,0.0,2954.0,0.0811
2955.0,0.0,2955.0,0.0811
2956.0,0.0,2956.0,0.0927
2957.0,0.0,2957.0,0.0579
2958.0,0.521,2958.0,0.0695
2959.0,0.0,2959.0,0.0811
2960.0,0.0,2960.0,0.0695
2961.0,0.0,2961.0,0.0695
2962.0,0.0,2962.0,0.0579
2963.0,0.0,2963.0,0.0695
2964.0,0.0,2964.0,0.0
2965.0,0.521,2965.0,0.0232
2966.0,0.0,2966.0,0.0232
2967.0,0.0,2967.0,0.0695
2968.0,0.0,2968.0,0.0695
2969.0,0.0,2969.0,0.0811
2970.0,0.0,2970.0,0.0811
2971.0,0.0,2971.0,0.0579
2972.0,0.0,2972.0,0.0811
2973.0,0.0,2973.0,0.0695
2974.0,0.0,2974.0,0.0695
2975.0,0.0,2975.0,0.0579
2976.0,0.0,2976.0,0.0695
2977.0,0.521,2977.0,0.0348
2978.0,0.0,2978.0,0.0
2979.0,0.0,2979.0,0.0348
2980.0,0.0,2980.0,0.0232
2981.0,0.0,2981.0,0.0811
2982.0,0.0,2982.0,0.0695
2983.0,0.0,2983.0,0.0811
2984.0,0.0,2984.0,0.0463
2985.0,0.0,2985.0,0.0579
2986.0,0.0,2986.0,0.0695
2987.0,0.521,2987.0,0.0695
2988.0,0.0,2988.0,0.0463
2989.0,0.0,2989.0,0.0463
2990.0,0.0,2990.0,0.0811
2991.0,0.0,2991.0,0.0232
2992.0,0.0,2992.0,0.0
2993.0,0.0,2993.0,0.0463
2994.0,0.521,2994.0,0.0232
2995.0,0.0,2995.0,0.0695
2996.0,0.0,2996.0,0.0579
2997.0,0.0,2997.0,0.0579
2998.0,0.0,2998.0,0.0695
2999.0,0.0,2999.0,0.0695
3000.0,0.0,3000.0,0.0695
3001.0,0.0,3001.0,0.0695
3002.0,0.0,3002.0,0.0579
3003.0,0.0,3003.0,0.0348
3004.0,0.0,3004.0,0.0463
3005.0,0.521,3005.0,0.0
3006.0,0.0,3006.0,0.0116
3007.0,0.0,3007.0,0.0348
3008.0,0.0,3008.0,0.0579
3009.0,0.0,3009.0,0.0579
3010.0,0.0,3010.0,0.0811
3011.0,0.0,3011.0,0.0811
3012.0,0.0,3012.0,0.0463
3013.0,0.0,3013.0,0.0695
3014.0,0.0,3014.0,0.0695
3015.0,0.0,3015.0,0.0695
3016.0,0.0,3016.0,0.0579
3017.0,0.521,3017.0,0.0811
3018.0,0.0,3018.0,0.0695
3019.0,0.0,3019.0,0.0
3020.0,0.0,3020.0,0.0
3021.0,0.0,3021.0,0.0463
3022.0,0.0,3022.0,0.0579
3023.0,0.0,3023.0,0.0579
3024.0,0.521,3024.0,0.0695
3025.0,0.0,3025.0,0.0695
3026.0,0.0,3026.0,0.0695
3027.0,0.0,3027.0,0.0927
3028.0,0.0,3028.0,0.0579
3029.0,0.0,3029.0,0.0695
3030.0,0.0,3030.0,0.0695
3031.0,0.0,3031.0,0.0811
3032.0,0.0,3032.0,0.0463
3033.0,0.521,3033.0,0.0
3034.0,0.0,3034.0,0.0
3035.0,0.0,3035.0,0.0463
3036.0,0.0,3036.0,0.0927
3037.0,0.0,3037.0,0.0811
3038.0,0.0,3038.0,0.0811
3039.0,0.0,3039.0,0.0579
3040.0,0.0,3040.0,0.0579
3041.0,0.0,3041.0,0.0695
3042.0,0.0,3042.0,0.0927
3043.0,0.521,3043.0,0.0811
3044.0,0.0,3044.0,0.0579
3045.0,0.0,3045.0,0.0579
3046.0,0.0,3046.0,0.0811
3047.0,0.0,3047.0,0.0463
3048.0,0.0,3048.0,0.0
3049.0,0.521,3049.0,0.0348
3050.0,0.0,3050.0,0.0695
3051.0,0.0,3051.0,0.0695
3052.0,0.0,3052.0,0.0811
3053.0,0.0,3053.0,0.0695
3054.0,0.0,3054.0,0.0695
3055.0,0.0,3055.0,0.0579
3056.0,0.0,3056.0,0.0579
3057.0,0.0,3057.0,0.0579
3058.0,0.0,3058.0,0.0579
3059.0,0.0,3059.0,0.0579
3060.0,0.521,3060.0,0.0
3061.0,0.0,3061.0,0.0
3062.0,0.0,3062.0,0.0463
3063.0,0.0,3063.0,0.0116
3064.0,0.0,3064.0,0.0579
3065.0,0.0,3065.0,0.0695
3066.0,0.0,3066.0,0.0695
3067.0,0.0,3067.0,0.0811
3068.0,0.0,3068.0,0.0695
3069.0,0.0,3069.0,0.0695
3070.0,0.0,3070.0,0.0695
3071.0,0.521,3071.0,0.0463
3072.0,0.0,3072.0,0.0463
3073.0,0.0,3073.0,0.0695
3074.0,0.0,3074.0,0.0463
3075.0,0.0,3075.0,0.0579
3076.0,0.0,3076.0,0.0
3077.0,0.0,3077.0,0.0
3078.0,0.0,3078.0,0.0463
3079.0,0.521,3079.0,0.0811
3080.0,0.0,3080.0,0.0927
3081.0,0.0,3081.0,0.0927
3082.0,0.0,3082.0,0.0695
3083.0,0.0,3083.0,0.0695
3084.0,0.0,3084.0,0.0695
3085.0,0.0,3085.0,0.0579
3086.0,0.0,3086.0,0.0811
3087.0,0.0,3087.0,0.0348
3088.0,0.0,3088.0,0.0695
3089.0,0.521,3089.0,0.0811
3090.0,0.0,3090.0,0.0
3091.0,0.0,3091.0,0.0
3092.0,0.0,3092.0,0.0463
3093.0,0.0,3093.0,0.0695
3094.0,0.0,3094.0,0.0811
3095.0,0.0,3095.0,0.0811
3096.0,0.521,3096.0,0.0579
3097.0,0.0,3097.0,0.0579
3098.0,0.0,3098.0,0.0463
3099.0,0.0,3099.0,0.0348
3100.0,0.0,3100.0,0.0348
3101.0,0.0,3101.0,0.0348
3102.0,0.0,3102.0,0.0348
3103.0,0.0,3103.0,0.0348
3104.0,0.0,3104.0,0.0116
3105.0,0.0,3105.0,0.0232
3106.0,0.0,3106.0,0.0348
3107.0,0.0,3107.0,0.0695
3108.0,0.0,3108.0,0.0927
3109.0,0.521,3109.0,0.0695
3110.0,0.0,3110.0,0.0811
3111.0,0.0,3111.0,0.0811
3112.0,0.0,3112.0,0.0695
3113.0,0.0,3113.0,0.0695
3114.0,0.0,3114.0,0.0463
3115.0,0.0,3115.0,0.0348
3116.0,0.0,3116.0,0.0579
3117.0,0.0,3117.0,0.0463
3118.0,0.0,3118.0,0.0348
3119.0,0.521,3119.0,0.0
3120.0,0.0,3120.0,0.0116
3121.0,0.0,3121.0,0.0348
3122.0,0.0,3122.0,0.0579
3123.0,0.0,3123.0,0.0695
3124.0,0.0,3124.0,0.0811
3125.0,0.0,3125.0,0.0695
3126.0,0.0,3126.0,0.0811
3127.0,0.0,3127.0,0.0695
3128.0,0.0,3128.0,0.0695
3129.0,0.0,3129.0,0.0695
3130.0,0.521,3130.0,0.0579
3131.0,0.0,3131.0,0.0579
3132.0,0.0,3132.0,0.0927
3133.0,0.0,3133.0,0.0116
3134.0,0.0,3134.0,0.0232
3135.0,0.0,3135.0,0.0579
3136.0,0.521,3136.0,0.0695
3137.0,0.0,3137.0,0.0695
3138.0,0.0,3138.0,0.104
3139.0,0.0,3139.0,0.0579
3140.0,0.0,3140.0,0.0811
3141.0,0.0,3141.0,0.0695
3142.0,0.0,3142.0,0.0811
3143.0,0.0,3143.0,0.0695
3144.0,0.0,3144.0,0.0811
3145.0,0.0,3145.0,0.0927
3146.0,0.521,3146.0,0.0
3147.0,0.0,3147.0,0.0232
3148.0,0.0,3148.0,0.0348
3149.0,0.0,3149.0,0.0811
3150.0,0.0,3150.0,0.0811
3151.0,0.0,3151.0,0.0695
3152.0,0.0,3152.0,0.0811
3153.0,0.521,3153.0,0.0695
3154.0,0.0,3154.0,0.0927
3155.0,0.0,3155.0,0.0695
3156.0,0.0,3156.0,0.0811
3157.0,0.0,3157.0,0.0811
3158.0,0.0,3158.0,0.0927
3159.0,0.0,3159.0,0.0579
3160.0,0.521,3160.0,0.0
3161.0,0.0,3161.0,0.0463
3162.0,0.0,3162.0,0.0695
3163.0,0.0,3163.0,0.0811
3164.0,0.0,3164.0,0.0927
3165.0,0.0,3165.0,0.0811
3166.0,0.0,3166.0,0.0927
3167.0,0.0,3167.0,0.0811
3168.0,0.0,3168.0,0.0927
3169.0,0.521,3169.0,0.0927
3170.0,0.0,3170.0,0.0695
3171.0,0.0,3171.0,0.0927
3172.0,0.0,3172.0,0.0927
3173.0,0.0,3173.0,0.0463
3174.0,0.521,3174.0,0.0116
3175.0,0.0,3175.0,0.0348
3176.0,0.0,3176.0,0.104
3177.0,0.0,3177.0,0.0927
3178.0,0.0,3178.0,0.0811
3179.0,0.0,3179.0,0.0927
3180.0,0.0,3180.0,0.0927
3181.0,0.0,3181.0,0.0927
3182.0,0.521,3182.0,0.0927
3183.0,0.0,3183.0,0.104
3184.0,0.0,3184.0,0.0811
3185.0,0.0,3185.0,0.116
3186.0,0.0,3186.0,0.0232
3187.0,0.521,3187.0,0.0232
3188.0,0.0,3188.0,0.0348
3189.0,0.0,3189.0,0.0811
3190.0,0.0,3190.0,0.0927
3191.0,0.0,3191.0,0.0927
3192.0,0.0,3192.0,0.0927
3193.0,0.0,3193.0,0.0927
3194.0,0.0,3194.0,0.104
3195.0,0.521,3195.0,0.116
3196.0,0.0,3196.0,0.0811
3197.0,0.0,3197.0,0.0927
3198.0,0.0,3198.0,0.0927
3199.0,0.0,3199.0,0.0811
3200.0,0.0,3200.0,0.0
3201.0,0.521,3201.0,0.0463
3202.0,0.0,3202.0,0.0116
3203.0,0.0,3203.0,0.104
3204.0,0.0,3204.0,0.0927
3205.0,0.0,3205.0,0.104
3206.0,0.0,3206.0,0.0927
3207.0,0.0,3207.0,0.0927
3208.0,0.521,3208.0,0.104
3209.0,0.0,3209.0,0.0927
3210.0,0.0,3210.0,0.0811
3211.0,0.0,3211.0,0.104
3212.0,0.0,3212.0,0.0579
3213.0,0.0,3213.0,0.104
3214.0,0.521,3214.0,0.0695
3215.0,0.0,3215.0,0.0
3216.0,0.0,3216.0,0.0463
3217.0,0.0,3217.0,0.0463
3218.0,0.0,3218.0,0.104
3219.0,0.0,3219.0,0.127
3220.0,0.0,3220.0,0.0927
3221.0,0.0,3221.0,0.0927
3222.0,0.521,3222.0,0.0927
3223.0,0.0,3223.0,0.0811
3224.0,0.0,3224.0,0.0811
3225.0,0.0,3225.0,0.0811
3226.0,0.0,3226.0,0.0927
3227.0,0.0,3227.0,0.104
3228.0,0.521,3228.0,0.0463
3229.0,0.0,3229.0,0.0232
3230.0,0.0,3230.0,0.0348
3231.0,0.0,3231.0,0.0811
3232.0,0.0,3232.0,0.104
3233.0,0.0,3233.0,0.104
3234.0,0.0,3234.0,0.127
3235.0,0.521,3235.0,0.0695
3236.0,0.0,3236.0,0.0927
3237.0,0.0,3237.0,0.104
3238.0,0.0,3238.0,0.0811
3239.0,0.0,3239.0,0.0927
3240.0,0.0,3240.0,0.0927
3241.0,0.0,3241.0,0.0116
3242.0,0.521,3242.0,0.0
3243.0,0.0,3243.0,0.0463
3244.0,0.0,3244.0,0.0116
3245.0,0.0,3245.0,0.104
3246.0,0.0,3246.0,0.104
3247.0,0.0,3247.0,0.104
3248.0,0.0,3248.0,0.0927
3249.0,0.0,3249.0,0.104
3250.0,0.521,3250.0,0.0927
3251.0,0.0,3251.0,0.127
3252.0,0.0,3252.0,0.0695
3253.0,0.0,3253.0,0.0579
3254.0,0.0,3254.0,0.104
3255.0,0.0,3255.0,0.0927
3256.0,0.0,3256.0,0.0232
3257.0,0.521,3257.0,0.0
3258.0,0.0,3258.0,0.0463
3259.0,0.0,3259.0,0.0348
3260.0,0.0,3260.0,0.104
3261.0,0.0,3261.0,0.0927
3262.0,0.0,3262.0,0.0927
3263.0,0.521,3263.0,0.0811
3264.0,0.0,3264.0,0.0811
3265.0,0.0,3265.0,0.0579
3266.0,0.0,3266.0,0.0695
3267.0,0.0,3267.0,0.0579
3268.0,0.0,3268.0,0.0579
3269.0,0.0,3269.0,0.0579
3270.0,0.521,3270.0,0.0
3271.0,0.0,3271.0,0.0463
3272.0,0.0,3272.0,0.0463
3273.0,0.0,3273.0,0.0811
3274.0,0.0,3274.0,0.104
3275.0,0.0,3275.0,0.0695
3276.0,0.0,3276.0,0.0811
3277.0,0.0,3277.0,0.0463
3278.0,0.521,3278.0,0.0811
3279.0,0.0,3279.0,0.0348
3280.0,0.0,3280.0,0.0695
3281.0,0.0,3281.0,0.0579
3282.0,0.0,3282.0,0.0579
3283.0,0.0,3283.0,0.0348
3284.0,0.0,3284.0,0.0116
3285.0,0.521,3285.0,0.0811
3286.0,0.0,3286.0,0.0695
3287.0,0.0,3287.0,0.0695
3288.0,0.0,3288.0,0.0811
3289.0,0.0,3289.0,0.0927
3290.0,0.0,3290.0,0.0695
3291.0,0.0,3291.0,0.0695
3292.0,0.0,3292.0,0.0695
3293.0,0.0,3293.0,0.0695
3294.0,0.521,3294.0,0.0695
3295.0,0.0,3295.0,0.0811
3296.0,0.0,3296.0,0.0232
3297.0,0.0,3297.0,0.0463
3298.0,0.0,3298.0,0.0348
3299.0,0.0,3299.0,0.0811
3300.0,0.0,3300.0,0.0579
3301.0,0.0,3301.0,0.0695
3302.0,0.521,3302.0,0.0927
3303.0,0.0,3303.0,0.104
3304.0,0.0,3304.0,0.0811
3305.0,0.0,3305.0,0.0695
3306.0,0.0,3306.0,0.0695
3307.0,0.0,3307.0,0.0811
3308.0,0.0,3308.0,0.0811
3309.0,0.0,3309.0,0.0579
3310.0,0.521,3310.0,0.0232
3311.0,0.0,3311.0,0.0348
3312.0,0.0,3312.0,0.0927
3313.0,0.0,3313.0,0.0695
3314.0,0.0,3314.0,0.0695
3315.0,0.0,3315.0,0.0811
3316.0,0.0,3316.0,0.0811
3317.0,0.521,3317.0,0.0463
3318.0,0.0,3318.0,0.0695
3319.0,0.0,3319.0,0.0695
3320.0,0.0,3320.0,0.0463
3321.0,0.0,3321.0,0.0811
3322.0,0.0,3322.0,0.0348
3323.0,0.0,3323.0,0.0579
3324.0,0.0,3324.0,0.0116
3325.0,0.521,3325.0,0.0463
3326.0,0.0,3326.0,0.0811
3327.0,0.0,3327.0,0.0927
3328.0,0.0,3328.0,0.0811
3329.0,0.0,3329.0,0.0811
3330.0,0.0,3330.0,0.0811
3331.0,0.0,3331.0,0.0695
3332.0,0.0,3332.0,0.0811
3333.0,0.0,3333.0,0.0811
3334.0,0.521,3334.0,0.0927
3335.0,0.0,3335.0,0.0579
3336.0,0.0,3336.0,0.0811
3337.0,0.0,3337.0,0.0463
3338.0,0.0,3338.0,0.0579
3339.0,0.0,3339.0,0.0695
3340.0,0.521,3340.0,0.0811
3341.0,0.0,3341.0,0.0927
3342.0,0.0,3342.0,0.0811
3343.0,0.0,3343.0,0.0927
3344.0,0.0,3344.0,0.0579
3345.0,0.0,3345.0,0.0811
3346.0,0.0,3346.0,0.0463
3347.0,0.0,3347.0,0.0579
3348.0,0.0,3348.0,0.0695
3349.0,0.521,3349.0,0.0695
3350.0,0.0,3350.0,0.0
3351.0,0.0,3351.0,0.0463
3352.0,0.0,3352.0,0.0232
3353.0,0.0,3353.0,0.0811
3354.0,0.0,3354.0,0.0695
3355.0,0.0,3355.0,0.0695
3356.0,0.0,3356.0,0.0579
3357.0,0.0,3357.0,0.0811
3358.0,0.521,3358.0,0.0695
3359.0,0.0,3359.0,0.0463
3360.0,0.0,3360.0,0.0927
3361.0,0.0,3361.0,0.0463
3362.0,0.0,3362.0,0.0927
3363.0,0.0,3363.0,0.0695
3364.0,0.0,3364.0,0.0348
3365.0,0.521,3365.0,0.0463
3366.0,0.0,3366.0,0.0348
3367.0,0.0,3367.0,0.0695
3368.0,0.0,3368.0,0.0695
3369.0,0.0,3369.0,0.0579
3370.0,0.0,3370.0,0.0695
3371.0,0.0,3371.0,0.0811
3372.0,0.0,3372.0,0.0811
3373.0,0.0,3373.0,0.0463
3374.0,0.521,3374.0,0.0811
3375.0,0.0,3375.0,0.0695
3376.0,0.0,3376.0,0.0348
3377.0,0.0,3377.0,0.0
3378.0,0.0,3378.0,0.0463
3379.0,0.0,3379.0,0.0463
3380.0,0.0,3380.0,0.0579
3381.0,0.0,3381.0,0.0695
3382.0,0.0,3382.0,0.0811
3383.0,0.521,3383.0,0.0579
3384.0,0.0,3384.0,0.0695
3385.0,0.0,3385.0,0.0695
3386.0,0.0,3386.0,0.0695
3387.0,0.0,3387.0,0.0695
3388.0,0.0,3388.0,0.0811
3389.0,0.0,3389.0,0.0695
3390.0,0.0,3390.0,0.0463
3391.0,0.0,3391.0,0.0
3392.0,0.521,3392.0,0.0695
3393.0,0.0,3393.0,0.0463
3394.0,0.0,3394.0,0.0579
3395.0,0.0,3395.0,0.0579
3396.0,0.0,3396.0,0.0695
3397.0,0.0,3397.0,0.0695
3398.0,0.0,3398.0,0.0695
3399.0,0.0,3399.0,0.0695
3400.0,0.0,3400.0,0.0579
3401.0,0.521,3401.0,0.0695
3402.0,0.0,3402.0,0.0695
3403.0,0.0,3403.0,0.0348
3404.0,0.0,3404.0,0.0
3405.0,0.0,3405.0,0.0463
3406.0,0.0,3406.0,0.0695
3407.0,0.0,3407.0,0.0579
3408.0,0.0,3408.0,0.0695
3409.0,0.0,3409.0,0.0695
3410.0,0.521,3410.0,0.0579
3411.0,0.0,3411.0,0.0579
3412.0,0.0,3412.0,0.0695
3413.0,0.0,3413.0,0.0695
3414.0,0.0,3414.0,0.0579
3415.0,0.0,3415.0,0.0695
3416.0,0.0,3416.0,0.0463
3417.0,0.521,3417.0,0.0232
3418.0,0.0,3418.0,0.0348
3419.0,0.0,3419.0,0.0463
3420.0,0.0,3420.0,0.0463
3421.0,0.0,3421.0,0.0695
3422.0,0.0,3422.0,0.0695
3423.0,0.0,3423.0,0.0463
3424.0,0.0,3424.0,0.0695
3425.0,0.0,3425.0,0.0695
3426.0,0.0,3426.0,0.0695
3427.0,0.0,3427.0,0.0695
3428.0,0.0,3428.0,0.0579
3429.0,0.521,3429.0,0.0579
3430.0,0.0,3430.0,0.0348
3431.0,0.0,3431.0,0.0116
3432.0,0.0,3432.0,0.0348
3433.0,0.0,3433.0,0.0579
3434.0,0.0,3434.0,0.0463
3435.0,0.0,3435.0,0.0695
3436.0,0.0,3436.0,0.0579
3437.0,0.0,3437.0,0.0579
3438.0,0.0,3438.0,0.0463
3439.0,0.0,3439.0,0.0695
3440.0,0.521,3440.0,0.0695
3441.0,0.0,3441.0,0.0579
3442.0,0.0,3442.0,0.0579
3443.0,0.0,3443.0,0.0579
3444.0,0.0,3444.0,0.0
3445.0,0.0,3445.0,0.0116
3446.0,0.0,3446.0,0.0348
3447.0,0.0,3447.0,0.0579
3448.0,0.0,3448.0,0.0579
3449.0,0.521,3449.0,0.0463
3450.0,0.0,3450.0,0.0579
3451.0,0.0,3451.0,0.0579
3452.0,0.0,3452.0,0.0579
3453.0,0.0,3453.0,0.0579
3454.0,0.0,3454.0,0.0695
3455.0,0.0,3455.0,0.0579
3456.0,0.0,3456.0,0.0579
3457.0,0.0,3457.0,0.0579
3458.0,0.0,3458.0,0.0579
3459.0,0.521,3459.0,0.0
3460.0,0.0,3460.0,0.0463
3461.0,0.0,3461.0,0.0232
3462.0,0.0,3462.0,0.0695
3463.0,0.0,3463.0,0.0579
3464.0,0.0,3464.0,0.0695
3465.0,0.0,3465.0,0.0348
3466.0,0.0,3466.0,0.0579
3467.0,0.0,3467.0,0.0579
3468.0,0.0,3468.0,0.0579
3469.0,0.0,3469.0,0.0463
3470.0,0.0,3470.0,0.0579
3471.0,0.0,3471.0,0.0348
3472.0,0.521,3472.0,0.0116
3473.0,0.0,3473.0,0.0
3474.0,0.0,3474.0,0.0463
3475.0,0.0,3475.0,0.0463
3476.0,0.0,3476.0,0.0463
3477.0,0.0,3477.0,0.0463
3478.0,0.0,3478.0,0.0579
3479.0,0.0,3479.0,0.0463
3480.0,0.0,3480.0,0.0463
3481.0,0.0,3481.0,0.0463
3482.0,0.0,3482.0,0.0579
3483.0,0.521,3483.0,0.0579
3484.0,0.0,3484.0,0.0463
3485.0,0.0,3485.0,0.0348
3486.0,0.0,3486.0,0.0463
3487.0,0.0,3487.0,0.0
3488.0,0.0,3488.0,0.0348
3489.0,0.0,3489.0,0.0348
3490.0,0.0,3490.0,0.0579
3491.0,0.0,3491.0,0.0463
3492.0,0.0,3492.0,0.0579
3493.0,0.521,3493.0,0.0463
3494.0,0.0,3494.0,0.0463
3495.0,0.0,3495.0,0.0579
3496.0,0.0,3496.0,0.0579
3497.0,0.0,3497.0,0.0463
3498.0,0.0,3498.0,0.0463
3499.0,0.0,3499.0,0.0463
3500.0,0.0,3500.0,0.0232
3501.0,0.0,3501.0,0.0
3502.0,0.0,3502.0,0.0579
3503.0,0.521,3503.0,0.0695
3504.0,0.0,3504.0,0.0579
3505.0,0.0,3505.0,0.0695
3506.0,0.0,3506.0,0.0695
3507.0,0.0,3507.0,0.0463
3508.0,0.0,3508.0,0.0463
3509.0,0.0,3509.0,0.0579
3510.0,0.0,3510.0,0.0463
3511.0,0.0,3511.0,0.0695
3512.0,0.0,3512.0,0.0463
3513.0,0.0,3513.0,0.0579
3514.0,0.521,3514.0,0.0116
3515.0,0.0,3515.0,0.0463
3516.0,0.0,3516.0,0.0695
3517.0,0.0,3517.0,0.0463
3518.0,0.0,3518.0,0.0579
3519.0,0.0,3519.0,0.0811
3520.0,0.0,3520.0,0.0579
3521.0,0.0,3521.0,0.0579
3522.0,0.0,3522.0,0.0579
3523.0,0.0,3523.0,0.0579
3524.0,0.521,3524.0,0.0463
3525.0,0.0,3525.0,0.0579
3526.0,0.0,3526.0,0.0
3527.0,0.0,3527.0,0.0348
3528.0,0.0,3528.0,0.0348
3529.0,0.0,3529.0,0.0579
3530.0,0.0,3530.0,0.0579
3531.0,0.0,3531.0,0.0463
3532.0,0.0,3532.0,0.0579
3533.0,0.0,3533.0,0.0579
3534.0,0.0,3534.0,0.0463
3535.0,0.521,3535.0,0.0579
3536.0,0.0,3536.0,0.0695
3537.0,0.0,3537.0,0.0463
3538.0,0.0,3538.0,0.0579
3539.0,0.0,3539.0,0.0232
3540.0,0.0,3540.0,0.0232
3541.0,0.0,3541.0,0.0232
3542.0,0.0,3542.0,0.0579
3543.0,0.0,3543.0,0.0463
3544.0,0.521,3544.0,0.0463
3545.0,0.0,3545.0,0.0463
3546.0,0.0,3546.0,0.0463
3547.0,0.0,3547.0,0.0348
3548.0,0.0,3548.0,0.0463
3549.0,0.0,3549.0,0.0463
3550.0,0.0,3550.0,0.0463
3551.0,0.0,3551.0,0.0463
3552.0,0.0,3552.0,0.0463
3553.0,0.0,3553.0,0.0116
3554.0,0.0,3554.0,0.0348
3555.0,0.0,3555.0,0.0579
3556.0,0.0,3556.0,0.0463
3557.0,0.521,3557.0,0.0463
3558.0,0.0,3558.0,0.0348
3559.0,0.0,3559.0,0.0463
3560.0,0.0,3560.0,0.0348
3561.0,0.0,3561.0,0.0463
3562.0,0.0,3562.0,0.0463
3563.0,0.0,3563.0,0.0579
3564.0,0.0,3564.0,0.0579
3565.0,0.0,3565.0,0.0463
3566.0,0.0,3566.0,0.0232
3567.0,0.0,3567.0,0.0579
3568.0,0.521,3568.0,0.0579
3569.0,0.0,3569.0,0.0463
3570.0,0.0,3570.0,0.0463
3571.0,0.0,3571.0,0.0463
3572.0,0.0,3572.0,0.0463
3573.0,0.0,3573.0,0.0579
3574.0,0.0,3574.0,0.0463
3575.0,0.0,3575.0,0.0463
3576.0,0.0,3576.0,0.0463
3577.0,0.0,3577.0,0.0463
3578.0,0.0,3578.0,0.0348
3579.0,0.0,3579.0,0.0463
3580.0,0.0,3580.0,0.0116
3581.0,0.521,3581.0,0.0579
3582.0,0.0,3582.0,0.0463
3583.0,0.0,3583.0,0.0348
3584.0,0.0,3584.0,0.0463
3585.0,0.0,3585.0,0.0348
3586.0,0.0,3586.0,0.0463
3587.0,0.0,3587.0,0.0463
3588.0,0.0,3588.0,0.0463
3589.0,0.0,3589.0,0.0463
3590.0,0.0,3590.0,0.0579
3591.0,0.0,3591.0,0.0463
3592.0,0.521,3592.0,0.0348
3593.0,0.0,3593.0,0.0348
3594.0,0.0,3594.0,0.0579
3595.0,0.0,3595.0,0.0463
3596.0,0.0,3596.0,0.0463
3597.0,0.0,3597.0,0.0579
3598.0,0.0,3598.0,0.0579
3599.0,0.0,3599.0,0.0579
3600.0,0.0,3600.0,0.0463
3601.0,0.0,3601.0,0.0463
3602.0,0.0,3602.0,0.0348
3603.0,0.521,3603.0,0.0579
3604.0,0.0,3604.0,0.0348
3605.0,0.0,3605.0,0.0579
3606.0,0.0,3606.0,0.0232
3607.0,0.0,3607.0,0.0463
3608.0,0.0,3608.0,0.0695
3609.0,0.0,3609.0,0.0579
3610.0,0.0,3610.0,0.0348
3611.0,0.0,3611.0,0.0579
3612.0,0.0,3612.0,0.0463
3613.0,0.0,3613.0,0.0579
3614.0,0.0,3614.0,0.0463
3615.0,0.521,3615.0,0.0463
3616.0,0.0,3616.0,0.0463
3617.0,0.0,3617.0,0.0232
3618.0,0.0,3618.0,0.0463
3619.0,0.0,3619.0,0.0348
3620.0,0.0,3620.0,0.0348
3621.0,0.0,3621.0,0.0
3622.0,0.0,3622.0,0.0463
3623.0,0.0,3623.0,0.0463
3624.0,0.0,3624.0,0.0579
3625.0,0.0,3625.0,0.0463
3626.0,0.0,3626.0,0.0348
3627.0,0.0,3627.0,0.0463
3628.0,0.0,3628.0,0.0463
3629.0,0.521,3629.0,0.0463
3630.0,0.0,3630.0,0.0463
3631.0,0.0,3631.0,0.0463
3632.0,0.0,3632.0,0.0463
3633.0,0.0,3633.0,0.0348
3634.0,0.0,3634.0,0.0348
3635.0,0.0,3635.0,0.0463
3636.0,0.0,3636.0,0.0463
3637.0,0.521,3637.0,0.0116
3638.0,0.0,3638.0,0.0463
3639.0,0.0,3639.0,0.0579
3640.0,0.0,3640.0,0.0463
3641.0,0.0,3641.0,0.0463
3642.0,0.0,3642.0,0.0463
3643.0,0.0,3643.0,0.0579
3644.0,0.0,3644.0,0.0348
3645.0,0.0,3645.0,0.0463
3646.0,0.0,3646.0,0.0463
3647.0,0.0,3647.0,0.0463
3648.0,0.0,3648.0,0.0348
3649.0,0.0,3649.0,0.0463
3650.0,0.521,3650.0,0.0116
3651.0,0.0,3651.0,0.0463
3652.0,0.0,3652.0,0.0463
3653.0,0.0,3653.0,0.0463
3654.0,0.0,3654.0,0.0348
3655.0,0.0,3655.0,0.0463
3656.0,0.0,3656.0,0.0348
3657.0,0.0,3657.0,0.0463
3658.0,0.0,3658.0,0.0579
3659.0,0.0,3659.0,0.0463
3660.0,0.0,3660.0,0.0463
3661.0,0.0,3661.0,0.0348
3662.0,0.0,3662.0,0.0579
3663.0,0.521,3663.0,0.0579
3664.0,0.0,3664.0,0.0348
3665.0,0.0,3665.0,0.0463
3666.0,0.0,3666.0,0.0579
3667.0,0.0,3667.0,0.0348
3668.0,0.0,3668.0,0.0463
3669.0,0.0,3669.0,0.0463
3670.0,0.0,3670.0,0.0463
3671.0,0.0,3671.0,0.0579
3672.0,0.0,3672.0,0.0463
3673.0,0.0,3673.0,0.0463
3674.0,0.0,3674.0,0.0463
3675.0,0.521,3675.0,0.0579
3676.0,0.0,3676.0,0.0579
3677.0,0.0,3677.0,0.0463
3678.0,0.0,3678.0,0.0348
3679.0,0.0,3679.0,0.0579
3680.0,0.0,3680.0,0.0579
3681.0,0.0,3681.0,0.0579
3682.0,0.0,3682.0,0.0579
3683.0,0.0,3683.0,0.0463
3684.0,0.521,3684.0,0.0463
3685.0,0.0,3685.0,0.0463
3686.0,0.0,3686.0,0.0579
3687.0,0.0,3687.0,0.0463
3688.0,0.0,3688.0,0.0579
3689.0,0.0,3689.0,0.0579
3690.0,0.0,3690.0,0.0463
3691.0,0.0,3691.0,0.0463
3692.0,0.0,3692.0,0.0579
3693.0,0.521,3693.0,0.0348
3694.0,0.0,3694.0,0.0463
3695.0,0.0,3695.0,0.0463
3696.0,0.0,3696.0,0.0463
3697.0,0.0,3697.0,0.0579
3698.0,0.0,3698.0,0.0463
3699.0,0.0,3699.0,0.0579
3700.0,0.0,3700.0,0.0463
3701.0,0.0,3701.0,0.0579
3702.0,0.0,3702.0,0.0579
3703.0,0.521,3703.0,0.0579
3704.0,0.0,3704.0,0.0463
3705.0,0.0,3705.0,0.0579
3706.0,0.0,3706.0,0.0579
3707.0,0.0,3707.0,0.0463
3708.0,0.0,3708.0,0.0463
3709.0,0.0,3709.0,0.0579
3710.0,0.0,3710.0,0.0463
3711.0,0.0,3711.0,0.0579
3712.0,0.0,3712.0,0.0463
3713.0,0.0,3713.0,0.0463
3714.0,0.0,3714.0,0.0579
3715.0,0.521,3715.0,0.0579
3716.0,0.0,3716.0,0.0463
3717.0,0.0,3717.0,0.0579
3718.0,0.0,3718.0,0.0348
3719.0,0.0,3719.0,0.0579
3720.0,0.0,3720.0,0.0463
3721.0,0.0,3721.0,0.0463
3722.0,0.0,3722.0,0.0463
3723.0,0.0,3723.0,0.0463
3724.0,0.0,3724.0,0.0579
3725.0,0.521,3725.0,0.0579
3726.0,0.0,3726.0,0.0463
3727.0,0.0,3727.0,0.0463
3728.0,0.0,3728.0,0.0579
3729.0,0.0,3729.0,0.0695
3730.0,0.0,3730.0,0.0695
3731.0,0.0,3731.0,0.0695
3732.0,0.0,3732.0,0.0348
3733.0,0.0,3733.0,0.0463
3734.0,0.521,3734.0,0.0463
3735.0,0.0,3735.0,0.0579
3736.0,0.0,3736.0,0.0463
3737.0,0.0,3737.0,0.0463
3738.0,0.0,3738.0,0.0811
3739.0,0.0,3739.0,0.0348
3740.0,0.0,3740.0,0.0463
3741.0,0.0,3741.0,0.0463
3742.0,0.0,3742.0,0.0579
3743.0,0.0,3743.0,0.0695
3744.0,0.521,3744.0,0.0811
3745.0,0.0,3745.0,0.0811
3746.0,0.0,3746.0,0.0463
3747.0,0.0,3747.0,0.0463
3748.0,0.0,3748.0,0.0579
3749.0,0.0,3749.0,0.0579
3750.0,0.0,3750.0,0.0579
3751.0,0.0,3751.0,0.0579
3752.0,0.0,3752.0,0.0695
3753.0,0.521,3753.0,0.0579
3754.0,0.0,3754.0,0.0811
3755.0,0.0,3755.0,0.0463
3756.0,0.0,3756.0,0.0579
3757.0,0.0,3757.0,0.0811
3758.0,0.0,3758.0,0.0463
3759.0,0.0,3759.0,0.0116
3760.0,0.0,3760.0,0.0695
3761.0,0.521,3761.0,0.0695
3762.0,0.0,3762.0,0.0463
3763.0,0.0,3763.0,0.0579
3764.0,0.0,3764.0,0.0463
3765.0,0.0,3765.0,0.0579
3766.0,0.0,3766.0,0.0579
3767.0,0.0,3767.0,0.0579
3768.0,0.0,3768.0,0.0463
3769.0,0.0,3769.0,0.0695
3770.0,0.0,3770.0,0.0811
3771.0,0.521,3771.0,0.0579
3772.0,0.0,3772.0,0.0579
3773.0,0.0,3773.0,0.0579
3774.0,0.0,3774.0,0.0348
3775.0,0.0,3775.0,0.0579
3776.0,0.0,3776.0,0.0463
3777.0,0.0,3777.0,0.0579
3778.0,0.0,3778.0,0.0463
3779.0,0.0,3779.0,0.0579
3780.0,0.0,3780.0,0.0463
3781.0,0.521,3781.0,0.0695
3782.0,0.0,3782.0,0.0463
3783.0,0.0,3783.0,0.0811
3784.0,0.0,3784.0,0.0695
3785.0,0.0,3785.0,0.0463
3786.0,0.0,3786.0,0.0579
3787.0,0.0,3787.0,0.0463
3788.0,0.0,3788.0,0.0348
3789.0,0.0,3789.0,0.0579
3790.0,0.0,3790.0,0.0463
3791.0,0.521,3791.0,0.0579
3792.0,0.0,3792.0,0.0579
3793.0,0.0,3793.0,0.0463
3794.0,0.0,3794.0,0.0695
3795.0,0.0,3795.0,0.0579
3796.0,0.0,3796.0,0.0695
3797.0,0.0,3797.0,0.0811
3798.0,0.0,3798.0,0.0579
3799.0,0.521,3799.0,0.0695
3800.0,0.0,3800.0,0.0579
3801.0,0.0,3801.0,0.0463
3802.0,0.0,3802.0,0.0695
3803.0,0.0,3803.0,0.0695
3804.0,0.0,3804.0,0.0695
3805.0,0.0,3805.0,0.0348
3806.0,0.0,3806.0,0.0579
3807.0,0.0,3807.0,0.0695
3808.0,0.521,3808.0,0.0579
3809.0,0.0,3809.0,0.0695
3810.0,0.0,3810.0,0.0695
3811.0,0.0,3811.0,0.0811
3812.0,0.0,3812.0,0.0695
3813.0,0.521,3813.0,0.116
3814.0,0.0,3814.0,0.0463
3815.0,0.0,3815.0,0.0348
3816.0,0.0,3816.0,0.0579
3817.0,0.0,3817.0,0.0463
3818.0,0.0,3818.0,0.0579
3819.0,0.0,3819.0,0.0579
3820.0,0.0,3820.0,0.0579
3821.0,0.0,3821.0,0.0695
3822.0,0.0,3822.0,0.0695
3823.0,0.0,3823.0,0.0695
3824.0,0.0,3824.0,0.0579
3825.0,0.521,3825.0,0.0695
3826.0,0.0,3826.0,0.116
3827.0,0.0,3827.0,0.0463
3828.0,0.0,3828.0,0.0695
3829.0,0.0,3829.0,0.0695
3830.0,0.0,3830.0,0.0579
3831.0,0.521,3831.0,0.0463
3832.0,0.0,3832.0,0.0695
3833.0,0.0,3833.0,0.0579
3834.0,0.0,3834.0,0.0579
3835.0,0.0,3835.0,0.0695
3836.0,0.0,3836.0,0.0579
3837.0,0.0,3837.0,0.0579
3838.0,0.0,3838.0,0.0579
3839.0,0.521,3839.0,0.0811
3840.0,0.0,3840.0,0.0579
3841.0,0.0,3841.0,0.0695
3842.0,0.0,3842.0,0.0463
3843.0,0.0,3843.0,0.0579
3844.0,0.0,3844.0,0.0579
3845.0,0.0,3845.0,0.0579
3846.0,0.0,3846.0,0.0695
3847.0,0.0,3847.0,0.0579
3848.0,0.0,3848.0,0.0463
3849.0,0.521,3849.0,0.0579
3850.0,0.0,3850.0,0.0463
3851.0,0.0,3851.0,0.0579
3852.0,0.0,3852.0,0.0579
3853.0,0.0,3853.0,0.0463
3854.0,0.0,3854.0,0.0695
3855.0,0.0,3855.0,0.0579
3856.0,0.0,3856.0,0.0579
3857.0,0.0,3857.0,0.0579
3858.0,0.521,3858.0,0.0695
3859.0,0.0,3859.0,0.0463
3860.0,0.0,3860.0,0.0579
3861.0,0.0,3861.0,0.0695
3862.0,0.0,3862.0,0.0348
3863.0,0.0,3863.0,0.0579
3864.0,0.0,3864.0,0.0695
3865.0,0.0,3865.0,0.0579
3866.0,0.521,3866.0,0.0463
3867.0,0.0,3867.0,0.0463
3868.0,0.0,3868.0,0.0695
3869.0,0.0,3869.0,0.0463
3870.0,0.0,3870.0,0.0579
3871.0,0.0,3871.0,0.0695
3872.0,0.0,3872.0,0.0811
3873.0,0.0,3873.0,0.0463
3874.0,0.0,3874.0,0.0579
3875.0,0.0,3875.0,0.0579
3876.0,0.521,3876.0,0.0579
3877.0,0.0,3877.0,0.0695
3878.0,0.0,3878.0,0.0695
3879.0,0.0,3879.0,0.0579
3880.0,0.0,3880.0,0.0463
3881.0,0.0,3881.0,0.0463
3882.0,0.0,3882.0,0.0695
3883.0,0.0,3883.0,0.0579
3884.0,0.521,3884.0,0.0695
3885.0,0.0,3885.0,0.0579
3886.0,0.0,3886.0,0.0695
3887.0,0.0,3887.0,0.0463
3888.0,0.0,3888.0,0.0811
3889.0,0.0,3889.0,0.0463
3890.0,0.0,3890.0,0.0695
3891.0,0.0,3891.0,0.0695
3892.0,0.521,3892.0,0.0463
3893.0,0.0,3893.0,0.0695
3894.0,0.0,3894.0,0.0463
3895.0,0.0,3895.0,0.0463
3896.0,0.0,3896.0,0.0579
3897.0,0.0,3897.0,0.0695
3898.0,0.0,3898.0,0.0579
3899.0,0.0,3899.0,0.0463
3900.0,0.0,3900.0,0.0579
3901.0,0.0,3901.0,0.0579
3902.0,0.521,3902.0,0.0695
3903.0,0.0,3903.0,0.0695
3904.0,0.0,3904.0,0.0695
3905.0,0.0,3905.0,0.0463
3906.0,0.0,3906.0,0.0579
3907.0,0.0,3907.0,0.0695
3908.0,0.0,3908.0,0.0463
3909.0,0.0,3909.0,0.0463
3910.0,0.521,3910.0,0.0579
3911.0,0.0,3911.0,0.0463
3912.0,0.0,3912.0,0.0463
3913.0,0.0,3913.0,0.0579
3914.0,0.0,3914.0,0.0463
3915.0,0.0,3915.0,0.0579
3916.0,0.0,3916.0,0.0579
3917.0,0.0,3917.0,0.0811
3918.0,0.0,3918.0,0.0695
3919.0,0.0,3919.0,0.0463
3920.0,0.521,3920.0,0.0579
3921.0,0.0,3921.0,0.0695
3922.0,0.0,3922.0,0.0348
3923.0,0.0,3923.0,0.0348
3924.0,0.0,3924.0,0.0579
3925.0,0.0,3925.0,0.0463
3926.0,0.0,3926.0,0.0579
3927.0,0.0,3927.0,0.0579
3928.0,0.0,3928.0,0.0463
3929.0,0.0,3929.0,0.0463
3930.0,0.0,3930.0,0.0579
3931.0,0.521,3931.0,0.0463
3932.0,0.0,3932.0,0.0927
3933.0,0.0,3933.0,0.0463
3934.0,0.0,3934.0,0.0463
3935.0,0.0,3935.0,0.0579
3936.0,0.0,3936.0,0.0348
3937.0,0.0,3937.0,0.0348
3938.0,0.0,3938.0,0.0579
3939.0,0.521,3939.0,0.0463
3940.0,0.0,3940.0,0.0463
3941.0,0.0,3941.0,0.0348
3942.0,0.0,3942.0,0.0463
3943.0,0.0,3943.0,0.0579
3944.0,0.0,3944.0,0.0579
3945.0,0.0,3945.0,0.0695
3946.0,0.0,3946.0,0.0695
3947.0,0.0,3947.0,0.0232
3948.0,0.0,3948.0,0.0695
3949.0,0.521,3949.0,0.0463
3950.0,0.0,3950.0,0.0348
3951.0,0.0,3951.0,0.0348
3952.0,0.0,3952.0,0.0695
3953.0,0.0,3953.0,0.0463
3954.0,0.0,3954.0,0.0348
3955.0,0.0,3955.0,0.0463
3956.0,0.0,3956.0,0.0579
3957.0,0.0,3957.0,0.0463
3958.0,0.0,3958.0,0.0348
3959.0,0.0,3959.0,0.0579
3960.0,0.0,3960.0,0.0579
3961.0,0.521,3961.0,0.0579
3962.0,0.0,3962.0,0.0232
3963.0,0.0,3963.0,0.0579
3964.0,0.0,3964.0,0.0232
3965.0,0.0,3965.0,0.0463
3966.0,0.0,3966.0,0.0463
3967.0,0.0,3967.0,0.0463
3968.0,0.0,3968.0,0.0463
3969.0,0.0,3969.0,0.0348
3970.0,0.0,3970.0,0.0463
3971.0,0.0,3971.0,0.0348
3972.0,0.0,3972.0,0.0579
3973.0,0.521,3973.0,0.0695
3974.0,0.0,3974.0,0.0348
3975.0,0.0,3975.0,0.0463
3976.0,0.0,3976.0,0.0463
3977.0,0.0,3977.0,0.0463
3978.0,0.0,3978.0,0.0116
3979.0,0.0,3979.0,0.0463
3980.0,0.0,3980.0,0.0348
3981.0,0.0,3981.0,0.0579
3982.0,0.0,3982.0,0.0579
3983.0,0.0,3983.0,0.0579
3984.0,0.521,3984.0,0.0695
3985.0,0.0,3985.0,0.0348
3986.0,0.0,3986.0,0.0579
3987.0,0.0,3987.0,0.0348
3988.0,0.0,3988.0,0.0579
3989.0,0.0,3989.0,0.0579
3990.0,0.0,3990.0,0.0579
3991.0,0.0,3991.0,0.0463
3992.0,0.0,3992.0,0.0348
3993.0,0.0,3993.0,0.0
3994.0,0.521,3994.0,0.0463
3995.0,0.0,3995.0,0.0579
3996.0,0.0,3996.0,0.0695
3997.0,0.0,3997.0,0.0463
3998.0,0.0,3998.0,0.0579
3999.0,0.0,3999.0,0.0463
4000.0,0.0,4000.0,0.0463
4001.0,0.0,4001.0,0.0579
4002.0,0.0,4002.0,0.0695
4003.0,0.0,4003.0,0.0463
4004.0,0.0,4004.0,0.0463
4005.0,0.0,4005.0,0.0463
4006.0,0.521,4006.0,0.0579
4007.0,0.0,4007.0,0.0579
4008.0,0.0,4008.0,0.104
4009.0,0.0,4009.0,0.0463
4010.0,0.0,4010.0,0.0348
4011.0,0.0,4011.0,0.0463
4012.0,0.0,4012.0,0.0579
4013.0,0.0,4013.0,0.0579
4014.0,0.0,4014.0,0.0695
4015.0,0.521,4015.0,0.0579
4016.0,0.0,4016.0,0.0463
4017.0,0.0,4017.0,0.0579
4018.0,0.0,4018.0,0.0579
4019.0,0.0,4019.0,0.0579
4020.0,0.0,4020.0,0.0579
4021.0,0.0,4021.0,0.0579
4022.0,0.0,4022.0,0.0811
4023.0,0.521,4023.0,0.0927
4024.0,0.0,4024.0,0.0348
4025.0,0.0,4025.0,0.0579
4026.0,0.0,4026.0,0.0463
4027.0,0.0,4027.0,0.0463
4028.0,0.0,4028.0,0.0579
4029.0,0.0,4029.0,0.0579
4030.0,0.0,4030.0,0.0695
4031.0,0.0,4031.0,0.0811
4032.0,0.0,4032.0,0.0463
4033.0,0.521,4033.0,0.0579
4034.0,0.0,4034.0,0.0695
4035.0,0.0,4035.0,0.0695
4036.0,0.0,4036.0,0.116
4037.0,0.0,4037.0,0.0
4038.0,0.0,4038.0,0.0463
4039.0,0.0,4039.0,0.0232
4040.0,0.0,4040.0,0.0463
4041.0,0.521,4041.0,0.0463
4042.0,0.0,4042.0,0.0579
4043.0,0.0,4043.0,0.0463
4044.0,0.0,4044.0,0.0695
4045.0,0.0,4045.0,0.0579
4046.0,0.0,4046.0,0.0579
4047.0,0.0,4047.0,0.0695
4048.0,0.0,4048.0,0.0579
4049.0,0.0,4049.0,0.0927
4050.0,0.521,4050.0,0.116
4051.0,0.0,4051.0,0.0463
4052.0,0.0,4052.0,0.0232
4053.0,0.0,4053.0,0.0579
4054.0,0.0,4054.0,0.0348
4055.0,0.0,4055.0,0.0579
4056.0,0.0,4056.0,0.0579
4057.0,0.0,4057.0,0.0463
4058.0,0.0,4058.0,0.0695
4059.0,0.0,4059.0,0.0579
4060.0,0.521,4060.0,0.0463
4061.0,0.0,4061.0,0.0579
4062.0,0.0,4062.0,0.0695
4063.0,0.0,4063.0,0.0695
4064.0,0.0,4064.0,0.0695
4065.0,0.0,4065.0,0.0348
4066.0,0.0,4066.0,0.0579
4067.0,0.0,4067.0,0.0463
4068.0,0.521,4068.0,0.0579
4069.0,0.0,4069.0,0.0579
4070.0,0.0,4070.0,0.0579
4071.0,0.0,4071.0,0.0695
4072.0,0.0,4072.0,0.0579
4073.0,0.0,4073.0,0.0695
4074.0,0.0,4074.0,0.0579
4075.0,0.0,4075.0,0.0695
4076.0,0.0,4076.0,0.0927
4077.0,0.521,4077.0,0.0927
4078.0,0.0,4078.0,0.0463
4079.0,0.0,4079.0,0.0463
4080.0,0.0,4080.0,0.0463
4081.0,0.0,4081.0,0.0579
4082.0,0.0,4082.0,0.0579
4083.0,0.0,4083.0,0.0579
4084.0,0.0,4084.0,0.0579
4085.0,0.0,4085.0,0.0695
4086.0,0.521,4086.0,0.0695
4087.0,0.0,4087.0,0.0463
4088.0,0.0,4088.0,0.0579
4089.0,0.0,4089.0,0.104
4090.0,0.0,4090.0,0.0579
4091.0,0.0,4091.0,0.0463
4092.0,0.521,4092.0,0.0348
4093.0,0.0,4093.0,0.0579
4094.0,0.0,4094.0,0.0463
4095.0,0.0,4095.0,0.0579
4096.0,0.0,4096.0,0.0579
4097.0,0.0,4097.0,0.0579
4098.0,0.0,4098.0,0.0579
4099.0,0.0,4099.0,0.0579
4100.0,0.0,4100.0,0.0695
4101.0,0.0,4101.0,0.0811
4102.0,0.521,4102.0,0.0811
4103.0,0.0,4103.0,0.0811
4104.0,0.0,4104.0,0.0811
4105.0,0.0,4105.0,0.0463
4106.0,0.0,4106.0,0.0579
4107.0,0.0,4107.0,0.0579
4108.0,0.0,4108.0,0.0579
4109.0,0.0,4109.0,0.0695
4110.0,0.521,4110.0,0.0463
4111.0,0.0,4111.0,0.0579
4112.0,0.0,4112.0,0.0579
4113.0,0.0,4113.0,0.0579
4114.0,0.0,4114.0,0.0695
4115.0,0.0,4115.0,0.0811
4116.0,0.0,4116.0,0.0927
4117.0,0.0,4117.0,0.185
4118.0,0.521,4118.0,0.0232
4119.0,0.0,4119.0,0.0348
4120.0,0.0,4120.0,0.0463
4121.0,0.0,4121.0,0.0579
4122.0,0.0,4122.0,0.0579
4123.0,0.0,4123.0,0.0579
4124.0,0.0,4124.0,0.0579
4125.0,0.0,4125.0,0.0579
4126.0,0.0,4126.0,0.0579
4127.0,0.521,4127.0,0.0579
4128.0,0.0,4128.0,0.0695
4129.0,0.0,4129.0,0.0695
4130.0,0.0,4130.0,0.127
4131.0,0.0,4131.0,0.0579
4132.0,0.521,4132.0,0.0232
4133.0,0.0,4133.0,0.0695
4134.0,0.0,4134.0,0.0579
4135.0,0.0,4135.0,0.0463
4136.0,0.0,4136.0,0.0695
4137.0,0.0,4137.0,0.0579
4138.0,0.0,4138.0,0.0695
4139.0,0.0,4139.0,0.0579
4140.0,0.0,4140.0,0.0463
4141.0,0.0,4141.0,0.0579
4142.0,0.0,4142.0,0.0695
4143.0,0.521,4143.0,0.0927
4144.0,0.0,4144.0,0.0348
4145.0,0.0,4145.0,0.0463
4146.0,0.0,4146.0,0.0811
4147.0,0.0,4147.0,0.0579
4148.0,0.0,4148.0,0.0811
4149.0,0.0,4149.0,0.0463
4150.0,0.0,4150.0,0.0463
4151.0,0.0,4151.0,0.0579
4152.0,0.521,4152.0,0.0463
4153.0,0.0,4153.0,0.0695
4154.0,0.0,4154.0,0.0579
4155.0,0.0,4155.0,0.0695
4156.0,0.0,4156.0,0.0579
4157.0,0.0,4157.0,0.0695
4158.0,0.0,4158.0,0.0463
4159.0,0.521,4159.0,0.0348
4160.0,0.0,4160.0,0.0579
4161.0,0.0,4161.0,0.0579
4162.0,0.0,4162.0,0.0579
4163.0,0.0,4163.0,0.0579
4164.0,0.0,4164.0,0.0695
4165.0,0.0,4165.0,0.0463
4166.0,0.0,4166.0,0.0695
4167.0,0.0,4167.0,0.0695
4168.0,0.0,4168.0,0.0927
4169.0,0.521,4169.0,0.0463
4170.0,0.0,4170.0,0.0463
4171.0,0.0,4171.0,0.0348
4172.0,0.0,4172.0,0.0463
4173.0,0.0,4173.0,0.0348
4174.0,0.0,4174.0,0.0463
4175.0,0.0,4175.0,0.0695
4176.0,0.0,4176.0,0.0463
4177.0,0.0,4177.0,0.0695
4178.0,0.0,4178.0,0.0579
4179.0,0.521,4179.0,0.0579
4180.0,0.0,4180.0,0.0927
4181.0,0.0,4181.0,0.0811
4182.0,0.0,4182.0,0.0579
4183.0,0.0,4183.0,0.0463
4184.0,0.0,4184.0,0.0579
4185.0,0.0,4185.0,0.127
4186.0,0.521,4186.0,0.0348
4187.0,0.0,4187.0,0.0348
4188.0,0.0,4188.0,0.0695
4189.0,0.0,4189.0,0.0695
4190.0,0.0,4190.0,0.0811
4191.0,0.0,4191.0,0.0695
4192.0,0.0,4192.0,0.0579
4193.0,0.0,4193.0,0.0927
4194.0,0.0,4194.0,0.0811
4195.0,0.521,4195.0,0.0579
4196.0,0.0,4196.0,0.0579
4197.0,0.0,4197.0,0.0579
4198.0,0.0,4198.0,0.0811
4199.0,0.0,4199.0,0.0695
4200.0,0.0,4200.0,0.0348
4201.0,0.0,4201.0,0.0463
4202.0,0.0,4202.0,0.0695
4203.0,0.521,4203.0,0.0811
4204.0,0.0,4204.0,0.0811
4205.0,0.0,4205.0,0.0579
4206.0,0.0,4206.0,0.0927
4207.0,0.0,4207.0,0.0927
4208.0,0.0,4208.0,0.0811
4209.0,0.0,4209.0,0.0695
4210.0,0.0,4210.0,0.0695
4211.0,0.521,4211.0,0.0579
4212.0,0.0,4212.0,0.0811
4213.0,0.0,4213.0,0.0232
4214.0,0.0,4214.0,0.0463
4215.0,0.0,4215.0,0.0579
4216.0,0.0,4216.0,0.0811
4217.0,0.0,4217.0,0.0579
4218.0,0.521,4218.0,0.0579
4219.0,0.0,4219.0,0.0695
4220.0,0.0,4220.0,0.0927
4221.0,0.0,4221.0,0.0695
4222.0,0.0,4222.0,0.0695
4223.0,0.0,4223.0,0.0463
4224.0,0.0,4224.0,0.0579
4225.0,0.0,4225.0,0.0695
4226.0,0.521,4226.0,0.0927
4227.0,0.0,4227.0,0.0463
4228.0,0.0,4228.0,0.0232
4229.0,0.0,4229.0,0.0232
4230.0,0.0,4230.0,0.0
4231.0,0.0,4231.0,0.0695
4232.0,0.0,4232.0,0.0811
4233.0,0.0,4233.0,0.0695
4234.0,0.0,4234.0,0.0695
4235.0,0.0,4235.0,0.104
4236.0,0.0,4236.0,0.0811
4237.0,0.521,4237.0,0.0695
4238.0,0.0,4238.0,0.0927
4239.0,0.0,4239.0,0.0579
4240.0,0.0,4240.0,0.0927
4241.0,0.0,4241.0,0.0927
4242.0,0.0,4242.0,0.116
4243.0,0.521,4243.0,0.0
4244.0,0.0,4244.0,0.0463
4245.0,0.0,4245.0,0.0116
4246.0,0.0,4246.0,0.0579
4247.0,0.0,4247.0,0.0695
4248.0,0.0,4248.0,0.0579
4249.0,0.0,4249.0,0.0927
4250.0,0.0,4250.0,0.0463
4251.0,0.0,4251.0,0.0579
4252.0,0.0,4252.0,0.0579
4253.0,0.0,4253.0,0.0811
4254.0,0.521,4254.0,0.0695
4255.0,0.0,4255.0,0.0927
4256.0,0.0,4256.0,0.0811
4257.0,0.0,4257.0,0.104
4258.0,0.521,4258.0,0.104
4259.0,0.0,4259.0,0.0348
4260.0,0.0,4260.0,0.0579
4261.0,0.0,4261.0,0.0579
4262.0,0.0,4262.0,0.0463
4263.0,0.0,4263.0,0.0579
4264.0,0.0,4264.0,0.0811
4265.0,0.0,4265.0,0.0695
4266.0,0.0,4266.0,0.0695
4267.0,0.0,4267.0,0.0811
4268.0,0.521,4268.0,0.0811
4269.0,0.0,4269.0,0.0695
4270.0,0.0,4270.0,0.0811
4271.0,0.0,4271.0,0.0927
4272.0,0.0,4272.0,0.0695
4273.0,0.521,4273.0,0.0463
4274.0,0.0,4274.0,0.0579
4275.0,0.0,4275.0,0.0695
4276.0,0.0,4276.0,0.0695
4277.0,0.0,4277.0,0.0811
4278.0,0.0,4278.0,0.0927
4279.0,0.0,4279.0,0.0695
4280.0,0.0,4280.0,0.0927
4281.0,0.521,4281.0,0.0811
4282.0,0.0,4282.0,0.0811
4283.0,0.0,4283.0,0.0927
4284.0,0.0,4284.0,0.0695
4285.0,0.0,4285.0,0.0695
4286.0,0.0,4286.0,0.0811
4287.0,0.521,4287.0,0.0
4288.0,0.0,4288.0,0.0463
4289.0,0.0,4289.0,0.0463
4290.0,0.0,4290.0,0.104
4291.0,0.0,4291.0,0.0927
4292.0,0.0,4292.0,0.0927
4293.0,0.0,4293.0,0.0811
4294.0,0.0,4294.0,0.104
4295.0,0.0,4295.0,0.104
4296.0,0.521,4296.0,0.0927
4297.0,0.0,4297.0,0.104
4298.0,0.0,4298.0,0.0811
4299.0,0.0,4299.0,0.0927
4300.0,0.0,4300.0,0.0927
4301.0,0.521,4301.0,0.0927
4302.0,0.0,4302.0,0.0232
4303.0,0.0,4303.0,0.0463
4304.0,0.0,4304.0,0.0348
4305.0,0.0,4305.0,0.116
4306.0,0.0,4306.0,0.0927
4307.0,0.0,4307.0,0.0927
4308.0,0.0,4308.0,0.0695
4309.0,0.521,4309.0,0.116
4310.0,0.0,4310.0,0.104
4311.0,0.0,4311.0,0.0579
4312.0,0.0,4312.0,0.0695
4313.0,0.0,4313.0,0.0927
4314.0,0.521,4314.0,0.0927
4315.0,0.0,4315.0,0.0579
4316.0,0.0,4316.0,0.0695
4317.0,0.0,4317.0,0.0116
4318.0,0.0,4318.0,0.0463
4319.0,0.0,4319.0,0.116
4320.0,0.0,4320.0,0.0927
4321.0,0.521,4321.0,0.0811
4322.0,0.0,4322.0,0.104
4323.0,0.0,4323.0,0.0695
4324.0,0.0,4324.0,0.0927
4325.0,0.0,4325.0,0.0811
4326.0,0.0,4326.0,0.0811
4327.0,0.0,4327.0,0.0811
4328.0,0.521,4328.0,0.0927
4329.0,0.0,4329.0,0.0811
4330.0,0.0,4330.0,0.0927
4331.0,0.521,4331.0,0.0811
4332.0,0.0,4332.0,0.0579
4333.0,0.0,4333.0,0.0811
4334.0,0.0,4334.0,0.0811
4335.0,0.0,4335.0,0.0811
4336.0,0.0,4336.0,0.0695
4337.0,0.0,4337.0,0.0927
4338.0,0.0,4338.0,0.0811
4339.0,0.0,4339.0,0.0695
4340.0,0.521,4340.0,0.0811
4341.0,0.0,4341.0,0.104
4342.0,0.0,4342.0,0.104
4343.0,0.0,4343.0,0.0811
4344.0,0.0,4344.0,0.0811
4345.0,0.521,4345.0,0.0811
4346.0,0.0,4346.0,0.0463
4347.0,0.0,4347.0,0.0811
4348.0,0.0,4348.0,0.0811
4349.0,0.0,4349.0,0.0811
4350.0,0.0,4350.0,0.0695
4351.0,0.0,4351.0,0.0811
4352.0,0.521,4352.0,0.0927
4353.0,0.0,4353.0,0.0811
4354.0,0.0,4354.0,0.104
4355.0,0.0,4355.0,0.0695
4356.0,0.0,4356.0,0.0695
4357.0,0.0,4357.0,0.0811
4358.0,0.0,4358.0,0.0695
4359.0,0.521,4359.0,0.0579
4360.0,0.0,4360.0,0.0348
4361.0,0.0,4361.0,0.0927
4362.0,0.0,4362.0,0.0811
4363.0,0.0,4363.0,0.0695
4364.0,0.0,4364.0,0.0695
4365.0,0.0,4365.0,0.0811
4366.0,0.521,4366.0,0.0927
4367.0,0.0,4367.0,0.116
4368.0,0.0,4368.0,0.0927
4369.0,0.0,4369.0,0.0927
4370.0,0.0,4370.0,0.0811
4371.0,0.0,4371.0,0.0811
4372.0,0.521,4372.0,0.0695
4373.0,0.0,4373.0,0.0348
4374.0,0.0,4374.0,0.0232
4375.0,0.0,4375.0,0.0695
4376.0,0.0,4376.0,0.0811
4377.0,0.0,4377.0,0.0811
4378.0,0.0,4378.0,0.0927
4379.0,0.0,4379.0,0.0811
4380.0,0.0,4380.0,0.0927
4381.0,0.521,4381.0,0.127
4382.0,0.0,4382.0,0.116
4383.0,0.0,4383.0,0.116
4384.0,0.521,4384.0,0.116
4385.0,0.0,4385.0,0.0695
4386.0,0.0,4386.0,0.0579
4387.0,0.0,4387.0,0.0463
4388.0,0.0,4388.0,0.0
4389.0,0.0,4389.0,0.0927
4390.0,0.0,4390.0,0.0927
4391.0,0.0,4391.0,0.0811
4392.0,0.0,4392.0,0.0927
4393.0,0.521,4393.0,0.0927
4394.0,0.0,4394.0,0.116
4395.0,0.0,4395.0,0.0927
4396.0,0.0,4396.0,0.127
4397.0,0.0,4397.0,0.116
4398.0,0.521,4398.0,0.127
4399.0,0.0,4399.0,0.104
4400.0,0.0,4400.0,0.0811
4401.0,0.521,4401.0,0.0348
4402.0,0.0,4402.0,0.0116
4403.0,0.0,4403.0,0.0811
4404.0,0.0,4404.0,0.0927
4405.0,0.0,4405.0,0.0811
4406.0,0.0,4406.0,0.0927
4407.0,0.0,4407.0,0.0927
4408.0,0.0,4408.0,0.0927
4409.0,0.0,4409.0,0.0927
4410.0,0.0,4410.0,0.116
4411.0,0.521,4411.0,0.116
4412.0,0.0,4412.0,0.139
4413.0,0.521,4413.0,0.104
4414.0,0.0,4414.0,0.0811
4415.0,0.0,4415.0,0.0463
4416.0,0.0,4416.0,0.0232
4417.0,0.0,4417.0,0.0811
4418.0,0.0,4418.0,0.0811
4419.0,0.0,4419.0,0.0695
4420.0,0.0,4420.0,0.0811
4421.0,0.0,4421.0,0.0927
4422.0,0.0,4422.0,0.116
4423.0,0.521,4423.0,0.0811
4424.0,0.0,4424.0,0.127
4425.0,0.0,4425.0,0.116
4426.0,0.0,4426.0,0.0811
4427.0,0.521,4427.0,0.104
4428.0,0.0,4428.0,0.127
4429.0,0.0,4429.0,0.0463
4430.0,0.0,4430.0,0.0116
4431.0,0.0,4431.0,0.0927
4432.0,0.0,4432.0,0.0695
4433.0,0.0,4433.0,0.0927
4434.0,0.521,4434.0,0.0811
4435.0,0.0,4435.0,0.0927
4436.0,0.0,4436.0,0.104
4437.0,0.0,4437.0,0.0927
4438.0,0.0,4438.0,0.0927
4439.0,0.0,4439.0,0.0811
4440.0,0.521,4440.0,0.104
4441.0,0.0,4441.0,0.0927
4442.0,0.0,4442.0,0.0695
4443.0,0.0,4443.0,0.0232
4444.0,0.521,4444.0,0.0348
4445.0,0.0,4445.0,0.0695
4446.0,0.0,4446.0,0.0811
4447.0,0.0,4447.0,0.0579
4448.0,0.0,4448.0,0.0695
4449.0,0.0,4449.0,0.0811
4450.0,0.0,4450.0,0.0927
4451.0,0.0,4451.0,0.127
4452.0,0.0,4452.0,0.0927
4453.0,0.0,4453.0,0.0695
4454.0,0.521,4454.0,0.0927
4455.0,0.0,4455.0,0.104
4456.0,0.0,4456.0,0.0927
4457.0,0.521,4457.0,0.0579
4458.0,0.0,4458.0,0.0348
4459.0,0.0,4459.0,0.0232
4460.0,0.0,4460.0,0.0927
4461.0,0.0,4461.0,0.0811
4462.0,0.0,4462.0,0.0811
4463.0,0.0,4463.0,0.0695
4464.0,0.0,4464.0,0.0811
4465.0,0.0,4465.0,0.0811
4466.0,0.0,4466.0,0.104
4467.0,0.0,4467.0,0.0927
4468.0,0.521,4468.0,0.0811
4469.0,0.0,4469.0,0.0811
4470.0,0.0,4470.0,0.104
4471.0,0.521,4471.0,0.0695
4472.0,0.0,4472.0,0.0463
4473.0,0.0,4473.0,0.0463
4474.0,0.0,4474.0,0.104
4475.0,0.0,4475.0,0.0927
4476.0,0.0,4476.0,0.0579
4477.0,0.0,4477.0,0.0811
4478.0,0.0,4478.0,0.0811
4479.0,0.521,4479.0,0.0463
4480.0,0.0,4480.0,0.0695
4481.0,0.0,4481.0,0.0579
4482.0,0.0,4482.0,0.0579
4483.0,0.0,4483.0,0.0695
4484.0,0.0,4484.0,0.0463
4485.0,0.0,4485.0,0.0927
4486.0,0.521,4486.0,0.0
4487.0,0.0,4487.0,0.0579
4488.0,0.0,4488.0,0.127
4489.0,0.0,4489.0,0.104
4490.0,0.0,4490.0,0.104
4491.0,0.0,4491.0,0.0811
4492.0,0.0,4492.0,0.0927
4493.0,0.0,4493.0,0.0927
4494.0,0.521,4494.0,0.0811
4495.0,0.0,4495.0,0.0811
4496.0,0.0,4496.0,0.0927
4497.0,0.0,4497.0,0.0927
4498.0,0.0,4498.0,0.0695
4499.0,0.521,4499.0,0.116
4500.0,0.0,4500.0,0.0232
4501.0,0.0,4501.0,0.0811
4502.0,0.0,4502.0,0.116
4503.0,0.0,4503.0,0.104
4504.0,0.0,4504.0,0.104
4505.0,0.0,4505.0,0.104
4506.0,0.521,4506.0,0.0927
4507.0,0.0,4507.0,0.104
4508.0,0.0,4508.0,0.104
4509.0,0.0,4509.0,0.0927
4510.0,0.0,4510.0,0.104
4511.0,0.521,4511.0,0.0927
4512.0,0.0,4512.0,0.104
4513.0,0.0,4513.0,0.0927
4514.0,0.0,4514.0,0.0463
4515.0,0.0,4515.0,0.104
4516.0,0.0,4516.0,0.104
4517.0,0.521,4517.0,0.104
4518.0,0.0,4518.0,0.104
4519.0,0.0,4519.0,0.0927
4520.0,0.0,4520.0,0.0927
4521.0,0.0,4521.0,0.0927
4522.0,0.0,4522.0,0.0927
4523.0,0.521,4523.0,0.0927
4524.0,0.0,4524.0,0.104
4525.0,0.0,4525.0,0.0927
4526.0,0.521,4526.0,0.0811
4527.0,0.0,4527.0,0.0579
4528.0,0.0,4528.0,0.116
4529.0,0.0,4529.0,0.0927
4530.0,0.0,4530.0,0.104
4531.0,0.0,4531.0,0.0811
4532.0,0.0,4532.0,0.116
4533.0,0.0,4533.0,0.0927
4534.0,0.521,4534.0,0.0811
4535.0,0.0,4535.0,0.104
4536.0,0.0,4536.0,0.104
4537.0,0.0,4537.0,0.0811
4538.0,0.0,4538.0,0.104
4539.0,0.521,4539.0,0.139
4540.0,0.0,4540.0,0.0811
4541.0,0.0,4541.0,0.0579
4542.0,0.0,4542.0,0.0927
4543.0,0.0,4543.0,0.104
4544.0,0.0,4544.0,0.104
4545.0,0.521,4545.0,0.104
4546.0,0.0,4546.0,0.127
4547.0,0.0,4547.0,0.0811
4548.0,0.0,4548.0,0.0927
4549.0,0.0,4549.0,0.0927
4550.0,0.521,4550.0,0.0927
4551.0,0.0,4551.0,0.0927
4552.0,0.0,4552.0,0.116
4553.0,0.521,4553.0,0.139
4554.0,0.0,4554.0,0.0695
4555.0,0.0,4555.0,0.0927
4556.0,0.0,4556.0,0.0811
4557.0,0.0,4557.0,0.0927
4558.0,0.0,4558.0,0.0927
4559.0,0.0,4559.0,0.104
4560.0,0.0,4560.0,0.0927
4561.0,0.521,4561.0,0.116
4562.0,0.0,4562.0,0.0695
4563.0,0.0,4563.0,0.0927
4564.0,0.0,4564.0,0.0927
4565.0,0.521,4565.0,0.0579
4566.0,0.0,4566.0,0.127
4567.0,0.0,4567.0,0.0927
4568.0,0.0,4568.0,0.0927
4569.0,0.0,4569.0,0.0811
4570.0,0.0,4570.0,0.116
4571.0,0.521,4571.0,0.104
4572.0,0.0,4572.0,0.0811
4573.0,0.0,4573.0,0.0927
4574.0,0.0,4574.0,0.104
4575.0,0.0,4575.0,0.104
4576.0,0.0,4576.0,0.104
4577.0,0.521,4577.0,0.0927
4578.0,0.0,4578.0,0.0695
4579.0,0.0,4579.0,0.127
4580.0,0.0,4580.0,0.0579
4581.0,0.521,4581.0,0.104
4582.0,0.0,4582.0,0.104
4583.0,0.0,4583.0,0.104
4584.0,0.0,4584.0,0.0927
4585.0,0.0,4585.0,0.104
4586.0,0.0,4586.0,0.116
4587.0,0.0,4587.0,0.0927
4588.0,0.521,4588.0,0.127
4589.0,0.0,4589.0,0.127
4590.0,0.0,4590.0,0.116
4591.0,0.0,4591.0,0.0927
4592.0,0.521,4592.0,0.139
4593.0,0.0,4593.0,0.0695
4594.0,0.0,4594.0,0.0579
4595.0,0.0,4595.0,0.116
4596.0,0.0,4596.0,0.104
4597.0,0.0,4597.0,0.104
4598.0,0.521,4598.0,0.104
4599.0,0.0,4599.0,0.116
4600.0,0.0,4600.0,0.104
4601.0,0.0,4601.0,0.139
4602.0,0.0,4602.0,0.0927
4603.0,0.521,4603.0,0.127
4604.0,0.0,4604.0,0.104
4605.0,0.0,4605.0,0.0695
4606.0,0.0,4606.0,0.151
4607.0,0.521,4607.0,0.0579
4608.0,0.0,4608.0,0.0348
4609.0,0.0,4609.0,0.0927
4610.0,0.0,4610.0,0.104
4611.0,0.0,4611.0,0.127
4612.0,0.0,4612.0,0.116
4613.0,0.0,4613.0,0.0927
4614.0,0.521,4614.0,0.104
4615.0,0.0,4615.0,0.116
4616.0,0.0,4616.0,0.104
4617.0,0.0,4617.0,0.104
4618.0,0.0,4618.0,0.0927
4619.0,0.521,4619.0,0.116
4620.0,0.0,4620.0,0.209
4621.0,0.521,4621.0,0.0463
4622.0,0.0,4622.0,0.0232
4623.0,0.0,4623.0,0.127
4624.0,0.0,4624.0,0.116
4625.0,0.0,4625.0,0.104
4626.0,0.0,4626.0,0.0811
4627.0,0.0,4627.0,0.0927
4628.0,0.0,4628.0,0.116
4629.0,0.0,4629.0,0.139
4630.0,0.521,4630.0,0.104
4631.0,0.0,4631.0,0.0811
4632.0,0.0,4632.0,0.127
4633.0,0.521,4633.0,0.139
4634.0,0.0,4634.0,0.151
4635.0,0.0,4635.0,0.0463
4636.0,0.521,4636.0,0.0695
4637.0,0.0,4637.0,0.116
4638.0,0.0,4638.0,0.0927
4639.0,0.0,4639.0,0.116
4640.0,0.0,4640.0,0.104
4641.0,0.0,4641.0,0.116
4642.0,0.0,4642.0,0.116
4643.0,0.0,4643.0,0.116
4644.0,0.521,4644.0,0.0927
4645.0,0.0,4645.0,0.0927
4646.0,0.0,4646.0,0.0927
4647.0,0.0,4647.0,0.116
4648.0,0.521,4648.0,0.174
4649.0,0.0,4649.0,0.0579
4650.0,0.0,4650.0,0.104
4651.0,0.0,4651.0,0.116
4652.0,0.0,4652.0,0.116
4653.0,0.521,4653.0,0.0811
4654.0,0.0,4654.0,0.116
4655.0,0.0,4655.0,0.127
4656.0,0.0,4656.0,0.116
4657.0,0.0,4657.0,0.116
4658.0,0.521,4658.0,0.0927
4659.0,0.0,4659.0,0.0927
4660.0,0.0,4660.0,0.104
4661.0,0.0,4661.0,0.174
4662.0,0.521,4662.0,0.104
4663.0,0.0,4663.0,0.0695
4664.0,0.0,4664.0,0.104
4665.0,0.0,4665.0,0.104
4666.0,0.0,4666.0,0.104
4667.0,0.521,4667.0,0.127
4668.0,0.0,4668.0,0.104
4669.0,0.0,4669.0,0.104
4670.0,0.0,4670.0,0.127
4671.0,0.521,4671.0,0.0811
4672.0,0.0,4672.0,0.0695
4673.0,0.0,4673.0,0.139
4674.0,0.0,4674.0,0.104
4675.0,0.521,4675.0,0.0232
4676.0,0.0,4676.0,0.0695
4677.0,0.0,4677.0,0.139
4678.0,0.0,4678.0,0.139
4679.0,0.0,4679.0,0.0811
4680.0,0.0,4680.0,0.0927
4681.0,0.0,4681.0,0.116
4682.0,0.0,4682.0,0.104
4683.0,0.521,4683.0,0.116
4684.0,0.0,4684.0,0.104
4685.0,0.0,4685.0,0.0695
4686.0,0.0,4686.0,0.0811
4687.0,0.0,4687.0,0.104
4688.0,0.521,4688.0,0.127
4689.0,0.0,4689.0,0.0579
4690.0,0.0,4690.0,0.0463
4691.0,0.0,4691.0,0.127
4692.0,0.0,4692.0,0.104
4693.0,0.521,4693.0,0.0927
4694.0,0.0,4694.0,0.0811
4695.0,0.0,4695.0,0.104
4696.0,0.0,4696.0,0.0927
4697.0,0.0,4697.0,0.104
4698.0,0.0,4698.0,0.0811
4699.0,0.521,4699.0,0.0811
4700.0,0.0,4700.0,0.0695
4701.0,0.0,4701.0,0.104
4702.0,0.0,4702.0,0.0811
4703.0,0.521,4703.0,0.0463
4704.0,0.0,4704.0,0.0348
4705.0,0.0,4705.0,0.0927
4706.0,0.0,4706.0,0.104
4707.0,0.0,4707.0,0.0811
4708.0,0.0,4708.0,0.0927
4709.0,0.0,4709.0,0.0927
4710.0,0.0,4710.0,0.104
4711.0,0.521,4711.0,0.0695
4712.0,0.0,4712.0,0.0811
4713.0,0.0,4713.0,0.0927
4714.0,0.0,4714.0,0.139
4715.0,0.0,4715.0,0.151
4716.0,0.521,4716.0,0.0695
4717.0,0.0,4717.0,0.0695
4718.0,0.0,4718.0,0.0463
4719.0,0.0,4719.0,0.0579
4720.0,0.0,4720.0,0.104
4721.0,0.0,4721.0,0.0695
4722.0,0.0,4722.0,0.0811
4723.0,0.0,4723.0,0.0695
4724.0,0.521,4724.0,0.0811
4725.0,0.0,4725.0,0.0927
4726.0,0.0,4726.0,0.116
4727.0,0.0,4727.0,0.116
4728.0,0.0,4728.0,0.0811
4729.0,0.521,4729.0,0.104
4730.0,0.0,4730.0,0.0695
4731.0,0.0,4731.0,0.0695
4732.0,0.0,4732.0,0.0463
4733.0,0.0,4733.0,0.0579
4734.0,0.0,4734.0,0.0927
4735.0,0.521,4735.0,0.0695
4736.0,0.0,4736.0,0.0579
4737.0,0.0,4737.0,0.0579
4738.0,0.0,4738.0,0.0695
4739.0,0.0,4739.0,0.139
4740.0,0.0,4740.0,0.0927
4741.0,0.0,4741.0,0.0927
4742.0,0.0,4742.0,0.116
4743.0,0.521,4743.0,0.0695
4744.0,0.0,4744.0,0.0695
4745.0,0.0,4745.0,0.0695
4746.0,0.521,4746.0,0.116
4747.0,0.0,4747.0,0.0
4748.0,0.0,4748.0,0.0463
4749.0,0.0,4749.0,0.0579
4750.0,0.0,4750.0,0.0811
4751.0,0.0,4751.0,0.0927
4752.0,0.0,4752.0,0.104
4753.0,0.0,4753.0,0.127
4754.0,0.0,4754.0,0.0927
4755.0,0.0,4755.0,0.0927
4756.0,0.521,4756.0,0.0927
4757.0,0.0,4757.0,0.0811
4758.0,0.0,4758.0,0.0811
4759.0,0.0,4759.0,0.0811
4760.0,0.521,4760.0,0.0695
4761.0,0.0,4761.0,0.0
4762.0,0.0,4762.0,0.0463
4763.0,0.0,4763.0,0.0116
4764.0,0.0,4764.0,0.0695
4765.0,0.0,4765.0,0.0811
4766.0,0.0,4766.0,0.116
4767.0,0.0,4767.0,0.151
4768.0,0.0,4768.0,0.0927
4769.0,0.0,4769.0,0.0927
4770.0,0.521,4770.0,0.0811
4771.0,0.0,4771.0,0.0811
4772.0,0.0,4772.0,0.0927
4773.0,0.0,4773.0,0.0927
4774.0,0.521,4774.0,0.104
4775.0,0.0,4775.0,0.0348
4776.0,0.0,4776.0,0.0
4777.0,0.0,4777.0,0.0463
4778.0,0.0,4778.0,0.0
4779.0,0.0,4779.0,0.0579
4780.0,0.0,4780.0,0.151
4781.0,0.0,4781.0,0.151
4782.0,0.0,4782.0,0.127
4783.0,0.0,4783.0,0.0927
4784.0,0.521,4784.0,0.0927
4785.0,0.0,4785.0,0.104
4786.0,0.0,4786.0,0.0927
4787.0,0.0,4787.0,0.0811
4788.0,0.0,4788.0,0.0695
4789.0,0.521,4789.0,0.104
4790.0,0.0,4790.0,0.0927
4791.0,0.0,4791.0,0.0348
4792.0,0.0,4792.0,0.0116
4793.0,0.0,4793.0,0.0463
4794.0,0.0,4794.0,0.116
4795.0,0.521,4795.0,0.116
4796.0,0.0,4796.0,0.0695
4797.0,0.0,4797.0,0.0695
4798.0,0.0,4798.0,0.0811
4799.0,0.0,4799.0,0.0695
4800.0,0.0,4800.0,0.0463
4801.0,0.0,4801.0,0.0695
4802.0,0.0,4802.0,0.0695
4803.0,0.521,4803.0,0.0695
4804.0,0.0,4804.0,0.0348
4805.0,0.0,4805.0,0.0927
4806.0,0.0,4806.0,0.0927
4807.0,0.0,4807.0,0.104
4808.0,0.521,4808.0,0.104
4809.0,0.0,4809.0,0.0927
4810.0,0.0,4810.0,0.0579
4811.0,0.0,4811.0,0.0695
4812.0,0.0,4812.0,0.0348
4813.0,0.0,4813.0,0.0579
4814.0,0.0,4814.0,0.0463
4815.0,0.0,4815.0,0.0463
4816.0,0.0,4816.0,0.0348
4817.0,0.521,4817.0,0.0463
4818.0,0.0,4818.0,0.0232
4819.0,0.0,4819.0,0.0695
4820.0,0.0,4820.0,0.0927
4821.0,0.0,4821.0,0.0927
4822.0,0.0,4822.0,0.0811
4823.0,0.0,4823.0,0.0579
4824.0,0.521,4824.0,0.0463
4825.0,0.0,4825.0,0.0463
4826.0,0.0,4826.0,0.0348
4827.0,0.0,4827.0,0.0579
4828.0,0.0,4828.0,0.0116
4829.0,0.0,4829.0,0.0579
4830.0,0.0,4830.0,0.0348
4831.0,0.0,4831.0,0.0579
4832.0,0.0,4832.0,0.0116
4833.0,0.0,4833.0,0.0695
4834.0,0.0,4834.0,0.0927
4835.0,0.0,4835.0,0.0695
4836.0,0.0,4836.0,0.0579
4837.0,0.521,4837.0,0.0695
4838.0,0.0,4838.0,0.0579
4839.0,0.0,4839.0,0.0463
4840.0,0.0,4840.0,0.0348
4841.0,0.0,4841.0,0.0579
4842.0,0.0,4842.0,0.0463
4843.0,0.0,4843.0,0.0579
4844.0,0.0,4844.0,0.0348
4845.0,0.521,4845.0,0.0579
4846.0,0.0,4846.0,0.0695
4847.0,0.0,4847.0,0.0
4848.0,0.0,4848.0,0.104
4849.0,0.0,4849.0,0.0695
4850.0,0.0,4850.0,0.0579
4851.0,0.0,4851.0,0.0579
4852.0,0.0,4852.0,0.0695
4853.0,0.0,4853.0,0.0579
4854.0,0.0,4854.0,0.0463
4855.0,0.521,4855.0,0.0579
4856.0,0.0,4856.0,0.0579
4857.0,0.0,4857.0,0.0463
4858.0,0.0,4858.0,0.0463
4859.0,0.0,4859.0,0.0927
4860.0,0.0,4860.0,0.0579
4861.0,0.0,4861.0,0.0116
4862.0,0.521,4862.0,0.0927
4863.0,0.0,4863.0,0.0695
4864.0,0.0,4864.0,0.0695
4865.0,0.0,4865.0,0.0695
4866.0,0.0,4866.0,0.0463
4867.0,0.0,4867.0,0.0811
4868.0,0.0,4868.0,0.0463
4869.0,0.0,4869.0,0.0463
4870.0,0.0,4870.0,0.0348
4871.0,0.0,4871.0,0.0348
4872.0,0.0,4872.0,0.0579
4873.0,0.521,4873.0,0.0695
4874.0,0.0,4874.0,0.0232
4875.0,0.0,4875.0,0.0348
4876.0,0.0,4876.0,0.0811
4877.0,0.0,4877.0,0.104
4878.0,0.0,4878.0,0.0927
4879.0,0.0,4879.0,0.0811
4880.0,0.521,4880.0,0.0927
4881.0,0.0,4881.0,0.0579
4882.0,0.0,4882.0,0.0695
4883.0,0.0,4883.0,0.0463
4884.0,0.0,4884.0,0.0348
4885.0,0.0,4885.0,0.0579
4886.0,0.0,4886.0,0.0463
4887.0,0.0,4887.0,0.0579
4888.0,0.0,4888.0,0.0579
4889.0,0.521,4889.0,0.0579
4890.0,0.0,4890.0,0.0
4891.0,0.0,4891.0,0.0579
4892.0,0.0,4892.0,0.0927
4893.0,0.0,4893.0,0.104
4894.0,0.0,4894.0,0.0811
4895.0,0.0,4895.0,0.0811
4896.0,0.0,4896.0,0.0579
4897.0,0.0,4897.0,0.0579
4898.0,0.521,4898.0,0.0579
4899.0,0.0,4899.0,0.0348
4900.0,0.0,4900.0,0.0811
4901.0,0.0,4901.0,0.0348
4902.0,0.0,4902.0,0.0463
4903.0,0.0,4903.0,0.0463
4904.0,0.0,4904.0,0.0463
4905.0,0.0,4905.0,0.0579
4906.0,0.521,4906.0,0.0348
4907.0,0.0,4907.0,0.0348
4908.0,0.0,4908.0,0.0811
4909.0,0.0,4909.0,0.0927
4910.0,0.0,4910.0,0.0811
4911.0,0.0,4911.0,0.0579
4912.0,0.0,4912.0,0.0579
4913.0,0.0,4913.0,0.0579
4914.0,0.0,4914.0,0.0348
4915.0,0.0,4915.0,0.0811
4916.0,0.0,4916.0,0.0348
4917.0,0.521,4917.0,0.0348
4918.0,0.0,4918.0,0.0579
4919.0,0.0,4919.0,0.0463
4920.0,0.0,4920.0,0.0463
4921.0,0.0,4921.0,0.0232
4922.0,0.0,4922.0,0.0
4923.0,0.0,4923.0,0.0463
4924.0,0.0,4924.0,0.0811
4925.0,0.0,4925.0,0.0695
4926.0,0.0,4926.0,0.0811
4927.0,0.521,4927.0,0.0927
4928.0,0.0,4928.0,0.116
4929.0,0.0,4929.0,0.0695
4930.0,0.0,4930.0,0.0811
4931.0,0.0,4931.0,0.0811
4932.0,0.0,4932.0,0.0695
4933.0,0.0,4933.0,0.0695
4934.0,0.521,4934.0,0.0695
4935.0,0.0,4935.0,0.0811
4936.0,0.0,4936.0,0.0579
4937.0,0.0,4937.0,0.0927
4938.0,0.0,4938.0,0.0
4939.0,0.0,4939.0,0.0463
4940.0,0.0,4940.0,0.0116
4941.0,0.0,4941.0,0.0811
4942.0,0.0,4942.0,0.116
4943.0,0.521,4943.0,0.104
4944.0,0.0,4944.0,0.0695
4945.0,0.0,4945.0,0.0927
4946.0,0.0,4946.0,0.0927
4947.0,0.0,4947.0,0.0695
4948.0,0.0,4948.0,0.0579
4949.0,0.521,4949.0,0.0811
4950.0,0.0,4950.0,0.0811
4951.0,0.0,4951.0,0.0927
4952.0,0.0,4952.0,0.0579
4953.0,0.0,4953.0,0.0
4954.0,0.0,4954.0,0.0463
4955.0,0.0,4955.0,0.0232
4956.0,0.0,4956.0,0.0811
4957.0,0.0,4957.0,0.151
4958.0,0.521,4958.0,0.0927
4959.0,0.0,4959.0,0.0811
4960.0,0.0,4960.0,0.0695
4961.0,0.0,4961.0,0.0695
4962.0,0.0,4962.0,0.0811
4963.0,0.0,4963.0,0.0811
4964.0,0.521,4964.0,0.0811
4965.0,0.0,4965.0,0.104
4966.0,0.0,4966.0,0.104
4967.0,0.521,4967.0,0.0695
4968.0,0.0,4968.0,0.0116
4969.0,0.0,4969.0,0.0348
4970.0,0.0,4970.0,0.0
4971.0,0.0,4971.0,0.139
4972.0,0.0,4972.0,0.139
4973.0,0.0,4973.0,0.0811
4974.0,0.0,4974.0,0.0811
4975.0,0.0,4975.0,0.0927
4976.0,0.0,4976.0,0.0811
4977.0,0.0,4977.0,0.0927
4978.0,0.521,4978.0,0.0811
4979.0,0.0,4979.0,0.0695
4980.0,0.0,4980.0,0.0927
4981.0,0.0,4981.0,0.0695
4982.0,0.0,4982.0,0.0811
4983.0,0.0,4983.0,0.0811
4984.0,0.521,4984.0,0.162
4985.0,0.0,4985.0,0.151
4986.0,0.521,4986.0,0.0
4987.0,0.0,4987.0,0.0463
4988.0,0.0,4988.0,0.0463
4989.0,0.0,4989.0,0.0579
4990.0,0.0,4990.0,0.0695
4991.0,0.0,4991.0,0.0811
4992.0,0.0,4992.0,0.0579
4993.0,0.0,4993.0,0.0811
4994.0,0.0,4994.0,0.0811
4995.0,0.0,4995.0,0.116
4996.0,0.0,4996.0,0.0927
4997.0,0.521,4997.0,0.104
4998.0,0.0,4998.0,0.139
4999.0,0.0,4999.0,0.116
5000.0,0.521,5000.0,0.0927
5001.0,0.0,5001.0,0.0695
5002.0,0.0,5002.0,0.0348
5003.0,0.0,5003.0,0.0695
5004.0,0.0,5004.0,0.0579
5005.0,0.0,5005.0,0.0811
5006.0,0.0,5006.0,0.0579
5007.0,0.0,5007.0,0.0811
5008.0,0.0,5008.0,0.0695
5009.0,0.0,5009.0,0.0695
5010.0,0.521,5010.0,0.0463
5011.0,0.0,5011.0,0.0232
5012.0,0.0,5012.0,0.0811
5013.0,0.0,5013.0,0.0695
5014.0,0.0,5014.0,0.0811
5015.0,0.521,5015.0,0.0463
5016.0,0.0,5016.0,0.0463
5017.0,0.0,5017.0,0.0463
5018.0,0.0,5018.0,0.0695
5019.0,0.0,5019.0,0.0579
5020.0,0.0,5020.0,0.0579
5021.0,0.0,5021.0,0.0579
5022.0,0.0,5022.0,0.0579
5023.0,0.0,5023.0,0.0579
5024.0,0.0,5024.0,0.0463
5025.0,0.0,5025.0,0.0811
5026.0,0.0,5026.0,0.0579
5027.0,0.0,5027.0,0.0348
5028.0,0.521,5028.0,0.0579
5029.0,0.0,5029.0,0.151
5030.0,0.0,5030.0,0.0232
5031.0,0.0,5031.0,0.0695
5032.0,0.0,5032.0,0.0811
5033.0,0.0,5033.0,0.0811
5034.0,0.521,5034.0,0.0811
5035.0,0.0,5035.0,0.0463
5036.0,0.0,5036.0,0.0348
5037.0,0.0,5037.0,0.0579
5038.0,0.0,5038.0,0.0463
5039.0,0.0,5039.0,0.0463
5040.0,0.0,5040.0,0.0463
5041.0,0.0,5041.0,0.0695
5042.0,0.0,5042.0,0.0811
5043.0,0.521,5043.0,0.0927
5044.0,0.0,5044.0,0.0
5045.0,0.0,5045.0,0.0463
5046.0,0.0,5046.0,0.0695
5047.0,0.0,5047.0,0.0811
5048.0,0.0,5048.0,0.0695
5049.0,0.0,5049.0,0.0695
5050.0,0.0,5050.0,0.0579
5051.0,0.0,5051.0,0.0463
5052.0,0.521,5052.0,0.0232
5053.0,0.0,5053.0,0.0463
5054.0,0.0,5054.0,0.0579
5055.0,0.0,5055.0,0.0927
5056.0,0.0,5056.0,0.0811
5057.0,0.0,5057.0,0.0463
5058.0,0.0,5058.0,0.0695
5059.0,0.521,5059.0,0.0116
5060.0,0.0,5060.0,0.0579
5061.0,0.0,5061.0,0.0695
5062.0,0.0,5062.0,0.0927
5063.0,0.0,5063.0,0.0695
5064.0,0.0,5064.0,0.0811
5065.0,0.0,5065.0,0.0579
5066.0,0.0,5066.0,0.0348
5067.0,0.0,5067.0,0.0348
5068.0,0.0,5068.0,0.0695
5069.0,0.0,5069.0,0.116
5070.0,0.521,5070.0,0.0927
5071.0,0.0,5071.0,0.0695
5072.0,0.0,5072.0,0.0695
5073.0,0.0,5073.0,0.0811
5074.0,0.521,5074.0,0.0695
5075.0,0.0,5075.0,0.0463
5076.0,0.0,5076.0,0.0232
5077.0,0.0,5077.0,0.104
5078.0,0.0,5078.0,0.0695
5079.0,0.0,5079.0,0.0695
5080.0,0.0,5080.0,0.0695
5081.0,0.0,5081.0,0.0579
5082.0,0.0,5082.0,0.139
5083.0,0.521,5083.0,0.0811
5084.0,0.0,5084.0,0.0463
5085.0,0.0,5085.0,0.0695
5086.0,0.0,5086.0,0.0811
5087.0,0.0,5087.0,0.0579
5088.0,0.0,5088.0,0.0463
5089.0,0.521,5089.0,0.0579
5090.0,0.0,5090.0,0.0348
5091.0,0.0,5091.0,0.0348
5092.0,0.0,5092.0,0.0811
5093.0,0.0,5093.0,0.116
5094.0,0.0,5094.0,0.0927
5095.0,0.0,5095.0,0.0579
5096.0,0.0,5096.0,0.0695
5097.0,0.0,5097.0,0.0811
5098.0,0.0,5098.0,0.0927
5099.0,0.521,5099.0,0.0811
5100.0,0.0,5100.0,0.0695
5101.0,0.0,5101.0,0.0811
5102.0,0.0,5102.0,0.0811
5103.0,0.0,5103.0,0.0811
5104.0,0.521,5104.0,0.0811
5105.0,0.0,5105.0,0.0116
5106.0,0.0,5106.0,0.0579
5107.0,0.0,5107.0,0.116
5108.0,0.0,5108.0,0.0811
5109.0,0.0,5109.0,0.0579
5110.0,0.0,5110.0,0.0695
5111.0,0.0,5111.0,0.0811
5112.0,0.521,5112.0,0.0695
5113.0,0.0,5113.0,0.0695
5114.0,0.0,5114.0,0.0695
5115.0,0.0,5115.0,0.0579
5116.0,0.0,5116.0,0.0463
5117.0,0.0,5117.0,0.0579
5118.0,0.0,5118.0,0.0463
5119.0,0.521,5119.0,0.0695
5120.0,0.0,5120.0,0.0579
5121.0,0.0,5121.0,0.0695
5122.0,0.0,5122.0,0.0579
5123.0,0.0,5123.0,0.0811
5124.0,0.0,5124.0,0.0695
5125.0,0.0,5125.0,0.0695
5126.0,0.0,5126.0,0.0579
5127.0,0.0,5127.0,0.0579
5128.0,0.521,5128.0,0.0811
5129.0,0.0,5129.0,0.0579
5130.0,0.0,5130.0,0.0695
5131.0,0.0,5131.0,0.0695
5132.0,0.0,5132.0,0.0579
5133.0,0.0,5133.0,0.0695
5134.0,0.0,5134.0,0.0463
5135.0,0.521,5135.0,0.0811
5136.0,0.0,5136.0,0.0579
5137.0,0.0,5137.0,0.0695
5138.0,0.0,5138.0,0.0695
5139.0,0.0,5139.0,0.0463
5140.0,0.0,5140.0,0.0695
5141.0,0.0,5141.0,0.0579
5142.0,0.0,5142.0,0.0579
5143.0,0.0,5143.0,0.0463
5144.0,0.0,5144.0,0.0695
5145.0,0.521,5145.0,0.0579
5146.0,0.0,5146.0,0.0463
5147.0,0.0,5147.0,0.0695
5148.0,0.0,5148.0,0.0811
5149.0,0.0,5149.0,0.0579
5150.0,0.0,5150.0,0.0695
5151.0,0.0,5151.0,0.0579
5152.0,0.521,5152.0,0.0579
5153.0,0.0,5153.0,0.0463
5154.0,0.0,5154.0,0.0695
5155.0,0.0,5155.0,0.0695
5156.0,0.0,5156.0,0.0463
5157.0,0.0,5157.0,0.0695
5158.0,0.0,5158.0,0.0695
5159.0,0.0,5159.0,0.0695
5160.0,0.521,5160.0,0.0348
5161.0,0.0,5161.0,0.104
5162.0,0.0,5162.0,0.0695
5163.0,0.0,5163.0,0.0579
5164.0,0.0,5164.0,0.0579
5165.0,0.0,5165.0,0.0579
5166.0,0.0,5166.0,0.0695
5167.0,0.0,5167.0,0.0463
5168.0,0.0,5168.0,0.0695
5169.0,0.521,5169.0,0.0579
5170.0,0.0,5170.0,0.0579
5171.0,0.0,5171.0,0.0348
5172.0,0.0,5172.0,0.0695
5173.0,0.0,5173.0,0.0579
5174.0,0.0,5174.0,0.0927
5175.0,0.0,5175.0,0.0695
5176.0,0.0,5176.0,0.0695
5177.0,0.521,5177.0,0.0695
5178.0,0.0,5178.0,0.0463
5179.0,0.0,5179.0,0.0811
5180.0,0.0,5180.0,0.0579
5181.0,0.0,5181.0,0.0811
5182.0,0.0,5182.0,0.0811
5183.0,0.0,5183.0,0.0811
5184.0,0.0,5184.0,0.0811
5185.0,0.521,5185.0,0.0579
5186.0,0.0,5186.0,0.0811
5187.0,0.0,5187.0,0.0695
5188.0,0.0,5188.0,0.0695
5189.0,0.0,5189.0,0.0579
5190.0,0.0,5190.0,0.0579
5191.0,0.0,5191.0,0.0579
5192.0,0.0,5192.0,0.0695
5193.0,0.521,5193.0,0.0579
5194.0,0.0,5194.0,0.0579
5195.0,0.0,5195.0,0.0695
5196.0,0.0,5196.0,0.0579
5197.0,0.0,5197.0,0.0695
5198.0,0.0,5198.0,0.0579
5199.0,0.0,5199.0,0.0232
5200.0,0.0,5200.0,0.0811
5201.0,0.521,5201.0,0.0927
5202.0,0.0,5202.0,0.0811
5203.0,0.0,5203.0,0.0811
5204.0,0.0,5204.0,0.0579
5205.0,0.0,5205.0,0.0811
5206.0,0.0,5206.0,0.0463
5207.0,0.0,5207.0,0.0579
5208.0,0.0,5208.0,0.0695
5209.0,0.521,5209.0,0.0695
5210.0,0.0,5210.0,0.0695
5211.0,0.0,5211.0,0.0695
5212.0,0.0,5212.0,0.0579
5213.0,0.0,5213.0,0.0463
5214.0,0.0,5214.0,0.0579
5215.0,0.0,5215.0,0.0695
5216.0,0.0,5216.0,0.0695
5217.0,0.521,5217.0,0.0579
5218.0,0.0,5218.0,0.0695
5219.0,0.0,5219.0,0.0695
5220.0,0.0,5220.0,0.0463
5221.0,0.0,5221.0,0.0579
5222.0,0.0,5222.0,0.0811
5223.0,0.0,5223.0,0.0579
5224.0,0.0,5224.0,0.0695
5225.0,0.521,5225.0,0.0927
5226.0,0.0,5226.0,0.0579
5227.0,0.0,5227.0,0.0463
5228.0,0.0,5228.0,0.0811
5229.0,0.0,5229.0,0.0695
5230.0,0.0,5230.0,0.0695
5231.0,0.0,5231.0,0.0463
5232.0,0.0,5232.0,0.0579
5233.0,0.0,5233.0,0.0579
5234.0,0.521,5234.0,0.0579
5235.0,0.0,5235.0,0.0695
5236.0,0.0,5236.0,0.0695
5237.0,0.0,5237.0,0.0811
5238.0,0.0,5238.0,0.0579
5239.0,0.0,5239.0,0.0811
5240.0,0.521,5240.0,0.0695
5241.0,0.0,5241.0,0.0463
5242.0,0.0,5242.0,0.0695
5243.0,0.0,5243.0,0.0695
5244.0,0.0,5244.0,0.0463
5245.0,0.0,5245.0,0.0579
5246.0,0.0,5246.0,0.0579
5247.0,0.0,5247.0,0.0695
5248.0,0.0,5248.0,0.0579
5249.0,0.0,5249.0,0.0579
5250.0,0.0,5250.0,0.0463
5251.0,0.521,5251.0,0.0811
5252.0,0.0,5252.0,0.0579
5253.0,0.0,5253.0,0.0695
5254.0,0.0,5254.0,0.0348
5255.0,0.0,5255.0,0.0463
5256.0,0.0,5256.0,0.0811
5257.0,0.0,5257.0,0.0579
5258.0,0.521,5258.0,0.0695
5259.0,0.0,5259.0,0.0695
5260.0,0.0,5260.0,0.0579
5261.0,0.0,5261.0,0.0348
5262.0,0.0,5262.0,0.0695
5263.0,0.0,5263.0,0.0579
5264.0,0.0,5264.0,0.0695
5265.0,0.0,5265.0,0.0695
5266.0,0.0,5266.0,0.0695
5267.0,0.521,5267.0,0.0811
5268.0,0.0,5268.0,0.0463
5269.0,0.0,5269.0,0.0463
5270.0,0.0,5270.0,0.0811
5271.0,0.0,5271.0,0.0463
5272.0,0.0,5272.0,0.0695
5273.0,0.0,5273.0,0.0579
5274.0,0.0,5274.0,0.0579
5275.0,0.521,5275.0,0.0695
5276.0,0.0,5276.0,0.0695
5277.0,0.0,5277.0,0.0695
5278.0,0.0,5278.0,0.0927
5279.0,0.0,5279.0,0.0579
5280.0,0.0,5280.0,0.0811
5281.0,0.0,5281.0,0.0463
5282.0,0.521,5282.0,0.0348
5283.0,0.0,5283.0,0.0463
5284.0,0.0,5284.0,0.0579
5285.0,0.0,5285.0,0.0695
5286.0,0.0,5286.0,0.0579
5287.0,0.0,5287.0,0.0579
5288.0,0.0,5288.0,0.0695
5289.0,0.0,5289.0,0.0811
5290.0,0.0,5290.0,0.0695
5291.0,0.0,5291.0,0.0579
5292.0,0.521,5292.0,0.0811
5293.0,0.0,5293.0,0.104
5294.0,0.0,5294.0,0.0579
5295.0,0.0,5295.0,0.0463
5296.0,0.0,5296.0,0.0116
5297.0,0.0,5297.0,0.0695
5298.0,0.0,5298.0,0.0695
5299.0,0.0,5299.0,0.0579
5300.0,0.0,5300.0,0.0695
5301.0,0.521,5301.0,0.0695
5302.0,0.0,5302.0,0.0695
5303.0,0.0,5303.0,0.0695
5304.0,0.0,5304.0,0.104
5305.0,0.0,5305.0,0.0927
5306.0,0.521,5306.0,0.0579
5307.0,0.0,5307.0,0.116
5308.0,0.0,5308.0,0.0348
5309.0,0.0,5309.0,0.0232
5310.0,0.0,5310.0,0.0811
5311.0,0.0,5311.0,0.0695
5312.0,0.0,5312.0,0.0695
5313.0,0.0,5313.0,0.0811
5314.0,0.0,5314.0,0.0811
5315.0,0.0,5315.0,0.0695
5316.0,0.521,5316.0,0.0927
5317.0,0.0,5317.0,0.0811
5318.0,0.0,5318.0,0.116
5319.0,0.0,5319.0,0.0579
5320.0,0.521,5320.0,0.0811
5321.0,0.0,5321.0,0.0463
5322.0,0.0,5322.0,0.0927
5323.0,0.0,5323.0,0.0695
5324.0,0.0,5324.0,0.0695
5325.0,0.0,5325.0,0.0695
5326.0,0.0,5326.0,0.0927
5327.0,0.0,5327.0,0.0579
5328.0,0.0,5328.0,0.0811
5329.0,0.521,5329.0,0.0811
5330.0,0.0,5330.0,0.0579
5331.0,0.0,5331.0,0.0927
5332.0,0.0,5332.0,0.0579
5333.0,0.0,5333.0,0.0695
5334.0,0.521,5334.0,0.0927
5335.0,0.0,5335.0,0.0695
5336.0,0.0,5336.0,0.0695
5337.0,0.0,5337.0,0.0811
5338.0,0.0,5338.0,0.0463
5339.0,0.0,5339.0,0.0695
5340.0,0.0,5340.0,0.0927
5341.0,0.0,5341.0,0.0811
5342.0,0.0,5342.0,0.0811
5343.0,0.521,5343.0,0.0811
5344.0,0.0,5344.0,0.104
5345.0,0.0,5345.0,0.0579
5346.0,0.0,5346.0,0.0463
5347.0,0.0,5347.0,0.0579
5348.0,0.521,5348.0,0.0695
5349.0,0.0,5349.0,0.0695
5350.0,0.0,5350.0,0.0695
5351.0,0.0,5351.0,0.0695
5352.0,0.0,5352.0,0.104
5353.0,0.0,5353.0,0.0579
5354.0,0.0,5354.0,0.0811
5355.0,0.0,5355.0,0.0927
5356.0,0.0,5356.0,0.0695
5357.0,0.521,5357.0,0.0927
5358.0,0.0,5358.0,0.0695
5359.0,0.0,5359.0,0.0579
5360.0,0.0,5360.0,0.0463
5361.0,0.0,5361.0,0.0695
5362.0,0.0,5362.0,0.0811
5363.0,0.521,5363.0,0.0811
5364.0,0.0,5364.0,0.0579
5365.0,0.0,5365.0,0.0927
5366.0,0.0,5366.0,0.0695
5367.0,0.0,5367.0,0.0695
5368.0,0.0,5368.0,0.0811
5369.0,0.0,5369.0,0.0927
5370.0,0.521,5370.0,0.0811
5371.0,0.0,5371.0,0.0811
5372.0,0.0,5372.0,0.0695
5373.0,0.0,5373.0,0.0463
5374.0,0.0,5374.0,0.0811
5375.0,0.0,5375.0,0.0811
5376.0,0.0,5376.0,0.0927
5377.0,0.521,5377.0,0.0695
5378.0,0.0,5378.0,0.0695
5379.0,0.0,5379.0,0.0927
5380.0,0.0,5380.0,0.0695
5381.0,0.0,5381.0,0.0811
5382.0,0.0,5382.0,0.0927
5383.0,0.0,5383.0,0.0695
5384.0,0.521,5384.0,0.0811
5385.0,0.0,5385.0,0.0579
5386.0,0.0,5386.0,0.0579
5387.0,0.0,5387.0,0.0695
5388.0,0.0,5388.0,0.0811
5389.0,0.0,5389.0,0.0811
5390.0,0.0,5390.0,0.0695
5391.0,0.0,5391.0,0.0811
5392.0,0.0,5392.0,0.0927
5393.0,0.521,5393.0,0.0811
5394.0,0.0,5394.0,0.0695
5395.0,0.0,5395.0,0.0811
5396.0,0.0,5396.0,0.0695
5397.0,0.0,5397.0,0.0695
5398.0,0.521,5398.0,0.0811
5399.0,0.0,5399.0,0.0348
5400.0,0.0,5400.0,0.104
5401.0,0.0,5401.0,0.0695
5402.0,0.0,5402.0,0.0811
5403.0,0.0,5403.0,0.0927
5404.0,0.0,5404.0,0.0811
5405.0,0.0,5405.0,0.0695
5406.0,0.521,5406.0,0.0811
5407.0,0.0,5407.0,0.0811
5408.0,0.0,5408.0,0.0579
5409.0,0.0,5409.0,0.0579
5410.0,0.0,5410.0,0.0695
5411.0,0.521,5411.0,0.0695
5412.0,0.0,5412.0,0.0695
5413.0,0.0,5413.0,0.0811
5414.0,0.0,5414.0,0.0811
5415.0,0.0,5415.0,0.0811
5416.0,0.0,5416.0,0.0811
5417.0,0.0,5417.0,0.0695
5418.0,0.0,5418.0,0.0811
5419.0,0.521,5419.0,0.0695
5420.0,0.0,5420.0,0.0811
5421.0,0.0,5421.0,0.0579
5422.0,0.0,5422.0,0.0695
5423.0,0.0,5423.0,0.0695
5424.0,0.0,5424.0,0.0463
5425.0,0.521,5425.0,0.0811
5426.0,0.0,5426.0,0.0811
5427.0,0.0,5427.0,0.0927
5428.0,0.0,5428.0,0.0463
5429.0,0.0,5429.0,0.0695
5430.0,0.0,5430.0,0.0695
5431.0,0.0,5431.0,0.0695
5432.0,0.0,5432.0,0.0811
5433.0,0.0,5433.0,0.0579
5434.0,0.521,5434.0,0.0811
5435.0,0.0,5435.0,0.0348
5436.0,0.0,5436.0,0.0348
5437.0,0.0,5437.0,0.104
5438.0,0.0,5438.0,0.0579
5439.0,0.0,5439.0,0.0695
5440.0,0.0,5440.0,0.0579
5441.0,0.0,5441.0,0.0695
5442.0,0.521,5442.0,0.0695
5443.0,0.0,5443.0,0.0579
5444.0,0.0,5444.0,0.0695
5445.0,0.0,5445.0,0.0695
5446.0,0.0,5446.0,0.0463
5447.0,0.0,5447.0,0.0811
5448.0,0.0,5448.0,0.0579
5449.0,0.521,5449.0,0.0579
5450.0,0.0,5450.0,0.0927
5451.0,0.0,5451.0,0.0579
5452.0,0.0,5452.0,0.0695
5453.0,0.0,5453.0,0.0695
5454.0,0.0,5454.0,0.0695
5455.0,0.0,5455.0,0.0579
5456.0,0.0,5456.0,0.0579
5457.0,0.0,5457.0,0.0695
5458.0,0.521,5458.0,0.0463
5459.0,0.0,5459.0,0.0579
5460.0,0.0,5460.0,0.0348
5461.0,0.0,5461.0,0.0348
5462.0,0.0,5462.0,0.0695
5463.0,0.0,5463.0,0.0927
5464.0,0.0,5464.0,0.0695
5465.0,0.521,5465.0,0.0579
5466.0,0.0,5466.0,0.0695
5467.0,0.0,5467.0,0.0579
5468.0,0.0,5468.0,0.0579
5469.0,0.0,5469.0,0.0579
5470.0,0.0,5470.0,0.0579
5471.0,0.0,5471.0,0.0579
5472.0,0.0,5472.0,0.0463
5473.0,0.0,5473.0,0.0348
5474.0,0.0,5474.0,0.0463
5475.0,0.521,5475.0,0.0579
5476.0,0.0,5476.0,0.0811
5477.0,0.0,5477.0,0.0695
5478.0,0.0,5478.0,0.0695
5479.0,0.0,5479.0,0.0695
5480.0,0.0,5480.0,0.0579
5481.0,0.0,5481.0,0.0579
5482.0,0.0,5482.0,0.0579
5483.0,0.0,5483.0,0.0579
5484.0,0.521,5484.0,0.0579
5485.0,0.0,5485.0,0.0579
5486.0,0.0,5486.0,0.0348
5487.0,0.0,5487.0,0.0695
5488.0,0.0,5488.0,0.0348
5489.0,0.0,5489.0,0.0695
5490.0,0.0,5490.0,0.0695
5491.0,0.0,5491.0,0.0811
5492.0,0.0,5492.0,0.0695
5493.0,0.521,5493.0,0.0811
5494.0,0.0,5494.0,0.0463
5495.0,0.0,5495.0,0.0695
5496.0,0.0,5496.0,0.0579
5497.0,0.0,5497.0,0.0695
5498.0,0.0,5498.0,0.0579
5499.0,0.0,5499.0,0.0579
5500.0,0.0,5500.0,0.0579
5501.0,0.521,5501.0,0.0579
5502.0,0.0,5502.0,0.0695
5503.0,0.0,5503.0,0.0463
5504.0,0.0,5504.0,0.0695
5505.0,0.0,5505.0,0.0579
5506.0,0.0,5506.0,0.0695
5507.0,0.0,5507.0,0.0811
5508.0,0.0,5508.0,0.0579
5509.0,0.0,5509.0,0.0695
5510.0,0.521,5510.0,0.0579
5511.0,0.0,5511.0,0.0695
5512.0,0.0,5512.0,0.0463
5513.0,0.0,5513.0,0.0579
5514.0,0.0,5514.0,0.0579
5515.0,0.0,5515.0,0.0695
5516.0,0.0,5516.0,0.0463
5517.0,0.521,5517.0,0.0579
5518.0,0.0,5518.0,0.0579
5519.0,0.0,5519.0,0.0695
5520.0,0.0,5520.0,0.0695
5521.0,0.0,5521.0,0.0811
5522.0,0.0,5522.0,0.0579
5523.0,0.0,5523.0,0.0695
5524.0,0.0,5524.0,0.0579
5525.0,0.0,5525.0,0.0463
5526.0,0.0,5526.0,0.0579
5527.0,0.521,5527.0,0.0695
5528.0,0.0,5528.0,0.0695
5529.0,0.0,5529.0,0.0927
5530.0,0.0,5530.0,0.0579
5531.0,0.0,5531.0,0.0811
5532.0,0.0,5532.0,0.0695
5533.0,0.0,5533.0,0.0695
5534.0,0.521,5534.0,0.0695
5535.0,0.0,5535.0,0.0695
5536.0,0.0,5536.0,0.0695
5537.0,0.0,5537.0,0.0579
5538.0,0.0,5538.0,0.0463
5539.0,0.0,5539.0,0.0463
5540.0,0.0,5540.0,0.0579
5541.0,0.0,5541.0,0.0579
5542.0,0.521,5542.0,0.0695
5543.0,0.0,5543.0,0.0463
5544.0,0.0,5544.0,0.0579
5545.0,0.0,5545.0,0.0579
5546.0,0.0,5546.0,0.0695
5547.0,0.0,5547.0,0.0811
5548.0,0.0,5548.0,0.0695
5549.0,0.0,5549.0,0.0579
5550.0,0.0,5550.0,0.0463
5551.0,0.521,5551.0,0.0463
5552.0,0.0,5552.0,0.0579
5553.0,0.0,5553.0,0.0695
5554.0,0.0,5554.0,0.0695
5555.0,0.0,5555.0,0.0811
5556.0,0.0,5556.0,0.0579
5557.0,0.0,5557.0,0.0579
5558.0,0.0,5558.0,0.0579
5559.0,0.521,5559.0,0.0695
5560.0,0.0,5560.0,0.0811
5561.0,0.0,5561.0,0.0695
5562.0,0.0,5562.0,0.0463
5563.0,0.0,5563.0,0.0579
5564.0,0.0,5564.0,0.0579
5565.0,0.0,5565.0,0.0463
5566.0,0.0,5566.0,0.0695
5567.0,0.521,5567.0,0.0811
5568.0,0.0,5568.0,0.0695
5569.0,0.0,5569.0,0.0463
5570.0,0.0,5570.0,0.0695
5571.0,0.0,5571.0,0.0695
5572.0,0.0,5572.0,0.0579
5573.0,0.0,5573.0,0.0811
5574.0,0.0,5574.0,0.0695
5575.0,0.0,5575.0,0.0463
5576.0,0.0,5576.0,0.0579
5577.0,0.521,5577.0,0.0579
5578.0,0.0,5578.0,0.0463
5579.0,0.0,5579.0,0.0695
5580.0,0.0,5580.0,0.0695
5581.0,0.0,5581.0,0.0695
5582.0,0.0,5582.0,0.0811
5583.0,0.521,5583.0,0.0463
5584.0,0.0,5584.0,0.0463
5585.0,0.0,5585.0,0.0695
5586.0,0.0,5586.0,0.0695
5587.0,0.0,5587.0,0.0579
5588.0,0.0,5588.0,0.0579
5589.0,0.0,5589.0,0.0579
5590.0,0.0,5590.0,0.0463
5591.0,0.0,5591.0,0.0579
5592.0,0.0,5592.0,0.0695
5593.0,0.0,5593.0,0.0579
5594.0,0.521,5594.0,0.0695
5595.0,0.0,5595.0,0.0695
5596.0,0.0,5596.0,0.0695
5597.0,0.0,5597.0,0.0463
5598.0,0.0,5598.0,0.0463
5599.0,0.0,5599.0,0.0695
5600.0,0.0,5600.0,0.0579
5601.0,0.0,5601.0,0.0695
5602.0,0.0,5602.0,0.0579
5603.0,0.521,5603.0,0.0579
5604.0,0.0,5604.0,0.0463
5605.0,0.0,5605.0,0.0579
5606.0,0.0,5606.0,0.0695
5607.0,0.0,5607.0,0.0695
5608.0,0.0,5608.0,0.0695
5609.0,0.0,5609.0,0.0811
5610.0,0.521,5610.0,0.0695
5611.0,0.0,5611.0,0.0463
5612.0,0.0,5612.0,0.0232
5613.0,0.0,5613.0,0.0579
5614.0,0.0,5614.0,0.0579
5615.0,0.0,5615.0,0.0579
5616.0,0.0,5616.0,0.0463
5617.0,0.0,5617.0,0.0579
5618.0,0.0,5618.0,0.0695
5619.0,0.0,5619.0,0.116
5620.0,0.521,5620.0,0.0579
5621.0,0.0,5621.0,0.0579
5622.0,0.0,5622.0,0.0811
5623.0,0.0,5623.0,0.0927
5624.0,0.0,5624.0,0.0927
5625.0,0.0,5625.0,0.0463
5626.0,0.521,5626.0,0.0463
5627.0,0.0,5627.0,0.0
5628.0,0.0,5628.0,0.0463
5629.0,0.0,5629.0,0.0579
5630.0,0.0,5630.0,0.0579
5631.0,0.0,5631.0,0.0695
5632.0,0.0,5632.0,0.0811
5633.0,0.0,5633.0,0.0811
5634.0,0.0,5634.0,0.0695
5635.0,0.0,5635.0,0.0811
5636.0,0.0,5636.0,0.0811
5637.0,0.521,5637.0,0.104
5638.0,0.0,5638.0,0.0927
5639.0,0.0,5639.0,0.0811
5640.0,0.0,5640.0,0.0579
5641.0,0.521,5641.0,0.0463
5642.0,0.0,5642.0,0.0
5643.0,0.0,5643.0,0.0463
5644.0,0.0,5644.0,0.0695
5645.0,0.0,5645.0,0.0811
5646.0,0.0,5646.0,0.0811
5647.0,0.0,5647.0,0.0811
5648.0,0.0,5648.0,0.0927
5649.0,0.0,5649.0,0.0927
5650.0,0.0,5650.0,0.104
5651.0,0.521,5651.0,0.0695
5652.0,0.0,5652.0,0.0927
5653.0,0.0,5653.0,0.116
5654.0,0.0,5654.0,0.127
5655.0,0.0,5655.0,0.0695
5656.0,0.521,5656.0,0.0695
5657.0,0.0,5657.0,0.0116
5658.0,0.0,5658.0,0.0463
5659.0,0.0,5659.0,0.0
5660.0,0.0,5660.0,0.0695
5661.0,0.0,5661.0,0.0695
5662.0,0.0,5662.0,0.0811
5663.0,0.0,5663.0,0.0927
5664.0,0.0,5664.0,0.0811
5665.0,0.521,5665.0,0.0695
5666.0,0.0,5666.0,0.0695
5667.0,0.0,5667.0,0.0811
5668.0,0.0,5668.0,0.151
5669.0,0.0,5669.0,0.104
5670.0,0.0,5670.0,0.0579
5671.0,0.521,5671.0,0.0116
5672.0,0.0,5672.0,0.0463
5673.0,0.0,5673.0,0.0579
5674.0,0.0,5674.0,0.0695
5675.0,0.0,5675.0,0.0695
5676.0,0.0,5676.0,0.0695
5677.0,0.0,5677.0,0.0695
5678.0,0.0,5678.0,0.0695
5679.0,0.0,5679.0,0.0811
5680.0,0.521,5680.0,0.0695
5681.0,0.0,5681.0,0.0579
5682.0,0.0,5682.0,0.0811
5683.0,0.0,5683.0,0.104
5684.0,0.521,5684.0,0.0579
5685.0,0.0,5685.0,0.0927
5686.0,0.0,5686.0,0.0695
5687.0,0.0,5687.0,0.0811
5688.0,0.0,5688.0,0.0579
5689.0,0.0,5689.0,0.0348
5690.0,0.0,5690.0,0.0579
5691.0,0.0,5691.0,0.0348
5692.0,0.0,5692.0,0.0348
5693.0,0.0,5693.0,0.0463
5694.0,0.521,5694.0,0.0116
5695.0,0.0,5695.0,0.0579
5696.0,0.0,5696.0,0.0116
5697.0,0.0,5697.0,0.0116
5698.0,0.0,5698.0,0.0927
5699.0,0.0,5699.0,0.0811
5700.0,0.0,5700.0,0.0695
5701.0,0.0,5701.0,0.0579
5702.0,0.0,5702.0,0.0463
5703.0,0.0,5703.0,0.0348
5704.0,0.521,5704.0,0.0232
5705.0,0.0,5705.0,0.0232
5706.0,0.0,5706.0,0.0348
5707.0,0.0,5707.0,0.0348
5708.0,0.0,5708.0,0.0
5709.0,0.0,5709.0,0.0348
5710.0,0.0,5710.0,0.0348
5711.0,0.0,5711.0,0.0116
5712.0,0.0,5712.0,0.0927
5713.0,0.0,5713.0,0.0811
5714.0,0.0,5714.0,0.0579
5715.0,0.0,5715.0,0.0579
5716.0,0.0,5716.0,0.0463
5717.0,0.521,5717.0,0.0232
5718.0,0.0,5718.0,0.0579
5719.0,0.0,5719.0,0.0579
5720.0,0.0,5720.0,0.0
5721.0,0.0,5721.0,0.0463
5722.0,0.0,5722.0,0.0463
5723.0,0.0,5723.0,0.0
5724.0,0.0,5724.0,0.0
5725.0,0.0,5725.0,0.0348
5726.0,0.0,5726.0,0.0927
5727.0,0.0,5727.0,0.0695
5728.0,0.0,5728.0,0.0811
5729.0,0.521,5729.0,0.0463
5730.0,0.0,5730.0,0.0463
5731.0,0.0,5731.0,0.0463
5732.0,0.0,5732.0,0.0348
5733.0,0.0,5733.0,0.0232
5734.0,0.0,5734.0,0.0348
5735.0,0.0,5735.0,0.0116
5736.0,0.0,5736.0,0.0232
5737.0,0.0,5737.0,0.0116
5738.0,0.0,5738.0,0.0348
5739.0,0.0,5739.0,0.0116
5740.0,0.0,5740.0,0.0579
5741.0,0.0,5741.0,0.104
5742.0,0.521,5742.0,0.0695
5743.0,0.0,5743.0,0.0579
5744.0,0.0,5744.0,0.0463
5745.0,0.0,5745.0,0.0579
5746.0,0.0,5746.0,0.0116
5747.0,0.0,5747.0,0.0348
5748.0,0.0,5748.0,0.0579
5749.0,0.0,5749.0,0.0
5750.0,0.0,5750.0,0.0116
5751.0,0.0,5751.0,0.0348
5752.0,0.0,5752.0,0.0463
5753.0,0.0,5753.0,0.0
5754.0,0.0,5754.0,0.0116
5755.0,0.0,5755.0,0.0695
5756.0,0.0,5756.0,0.0695
5757.0,0.521,5757.0,0.0695
5758.0,0.0,5758.0,0.0579
5759.0,0.0,5759.0,0.0463
5760.0,0.0,5760.0,0.0695
5761.0,0.0,5761.0,0.0579
5762.0,0.0,5762.0,0.0348
5763.0,0.0,5763.0,0.0116
5764.0,0.0,5764.0,0.0232
5765.0,0.0,5765.0,0.0579
5766.0,0.0,5766.0,0.0232
5767.0,0.0,5767.0,0.0348
5768.0,0.521,5768.0,0.0695
5769.0,0.0,5769.0,0.0232
5770.0,0.0,5770.0,0.0463
5771.0,0.0,5771.0,0.0695
5772.0,0.0,5772.0,0.0463
5773.0,0.0,5773.0,0.0463
5774.0,0.0,5774.0,0.0463
5775.0,0.0,5775.0,0.0348
5776.0,0.0,5776.0,0.0463
5777.0,0.0,5777.0,0.0348
5778.0,0.0,5778.0,0.0463
5779.0,0.0,5779.0,0.0463
5780.0,0.0,5780.0,0.0348
5781.0,0.521,5781.0,0.0695
5782.0,0.0,5782.0,0.0463
5783.0,0.0,5783.0,0.0463
5784.0,0.0,5784.0,0.0695
5785.0,0.0,5785.0,0.0232
5786.0,0.0,5786.0,0.0232
5787.0,0.0,5787.0,0.0232
5788.0,0.0,5788.0,0.0116
5789.0,0.0,5789.0,0.0463
5790.0,0.0,5790.0,0.0463
5791.0,0.0,5791.0,0.0463
5792.0,0.0,5792.0,0.0695
5793.0,0.0,5793.0,0.0579
5794.0,0.521,5794.0,0.0579
5795.0,0.0,5795.0,0.0463
5796.0,0.0,5796.0,0.0579
5797.0,0.0,5797.0,0.0695
5798.0,0.0,5798.0,0.0579
5799.0,0.0,5799.0,0.0579
5800.0,0.0,5800.0,0.0811
5801.0,0.0,5801.0,0.116
5802.0,0.0,5802.0,0.0811
5803.0,0.521,5803.0,0.0579
5804.0,0.0,5804.0,0.0348
5805.0,0.0,5805.0,0.0463
5806.0,0.0,5806.0,0.0348
5807.0,0.0,5807.0,0.0
5808.0,0.0,5808.0,0.0116
5809.0,0.0,5809.0,0.0348
5810.0,0.0,5810.0,0.0348
5811.0,0.0,5811.0,0.0463
5812.0,0.0,5812.0,0.0695
5813.0,0.0,5813.0,0.0463
5814.0,0.0,5814.0,0.0811
5815.0,0.0,5815.0,0.116
5816.0,0.521,5816.0,0.0695
5817.0,0.0,5817.0,0.0695
5818.0,0.0,5818.0,0.0579
5819.0,0.0,5819.0,0.0348
5820.0,0.0,5820.0,0.0463
5821.0,0.0,5821.0,0.0463
5822.0,0.521,5822.0,0.0
5823.0,0.0,5823.0,0.0
5824.0,0.0,5824.0,0.0348
5825.0,0.0,5825.0,0.0116
5826.0,0.0,5826.0,0.0116
5827.0,0.0,5827.0,0.0348
5828.0,0.0,5828.0,0.0579
5829.0,0.0,5829.0,0.0811
5830.0,0.0,5830.0,0.127
5831.0,0.0,5831.0,0.104
5832.0,0.0,5832.0,0.0811
5833.0,0.0,5833.0,0.0463
5834.0,0.0,5834.0,0.0463
5835.0,0.521,5835.0,0.0348
5836.0,0.0,5836.0,0.0348
5837.0,0.0,5837.0,0.0232
5838.0,0.0,5838.0,0.0
5839.0,0.0,5839.0,0.0116
5840.0,0.0,5840.0,0.0348
5841.0,0.0,5841.0,0.0
5842.0,0.0,5842.0,0.0116
5843.0,0.0,5843.0,0.0579
5844.0,0.0,5844.0,0.0927
5845.0,0.0,5845.0,0.151
5846.0,0.0,5846.0,0.0927
5847.0,0.0,5847.0,0.0927
5848.0,0.521,5848.0,0.0695
5849.0,0.0,5849.0,0.0348
5850.0,0.0,5850.0,0.0463
5851.0,0.0,5851.0,0.0463
5852.0,0.0,5852.0,0.0232
5853.0,0.521,5853.0,0.0
5854.0,0.0,5854.0,0.0
5855.0,0.0,5855.0,0.0116
5856.0,0.0,5856.0,0.0348
5857.0,0.0,5857.0,0.0
5858.0,0.0,5858.0,0.0
5859.0,0.0,5859.0,0.0695
5860.0,0.0,5860.0,0.151
5861.0,0.0,5861.0,0.127
5862.0,0.0,5862.0,0.104
5863.0,0.0,5863.0,0.0811
5864.0,0.0,5864.0,0.0927
5865.0,0.0,5865.0,0.0579
5866.0,0.521,5866.0,0.0463
5867.0,0.0,5867.0,0.0579
5868.0,0.0,5868.0,0.0348
5869.0,0.0,5869.0,0.0579
5870.0,0.0,5870.0,0.0695
5871.0,0.0,5871.0,0.0811
5872.0,0.0,5872.0,0.0811
5873.0,0.0,5873.0,0.0695
5874.0,0.0,5874.0,0.0695
5875.0,0.521,5875.0,0.0811
5876.0,0.0,5876.0,0.0811
5877.0,0.0,5877.0,0.0232
5878.0,0.521,5878.0,0.0
5879.0,0.0,5879.0,0.0463
5880.0,0.0,5880.0,0.0
5881.0,0.0,5881.0,0.0
5882.0,0.0,5882.0,0.0579
5883.0,0.0,5883.0,0.0695
5884.0,0.0,5884.0,0.0579
5885.0,0.0,5885.0,0.0695
5886.0,0.0,5886.0,0.0695
5887.0,0.0,5887.0,0.0811
5888.0,0.0,5888.0,0.0811
5889.0,0.0,5889.0,0.0463
5890.0,0.0,5890.0,0.0579
5891.0,0.0,5891.0,0.0579
5892.0,0.0,5892.0,0.0927
5893.0,0.0,5893.0,0.104
5894.0,0.521,5894.0,0.0927
5895.0,0.0,5895.0,0.0579
5896.0,0.521,5896.0,0.0463
5897.0,0.0,5897.0,0.0579
5898.0,0.0,5898.0,0.0463
5899.0,0.0,5899.0,0.0695
5900.0,0.0,5900.0,0.0695
5901.0,0.0,5901.0,0.0811
5902.0,0.0,5902.0,0.0348
5903.0,0.0,5903.0,0.0695
5904.0,0.0,5904.0,0.0695
5905.0,0.0,5905.0,0.0463
5906.0,0.0,5906.0,0.0348
5907.0,0.0,5907.0,0.0579
5908.0,0.521,5908.0,0.0579
5909.0,0.0,5909.0,0.0116
5910.0,0.0,5910.0,0.0695
5911.0,0.0,5911.0,0.0579
5912.0,0.0,5912.0,0.0579
5913.0,0.0,5913.0,0.0463
5914.0,0.0,5914.0,0.0579
5915.0,0.0,5915.0,0.0579
5916.0,0.0,5916.0,0.0463
5917.0,0.0,5917.0,0.0579
5918.0,0.521,5918.0,0.0579
5919.0,0.0,5919.0,0.0579
5920.0,0.0,5920.0,0.0348
5921.0,0.0,5921.0,0.0463
5922.0,0.0,5922.0,0.0348
5923.0,0.0,5923.0,0.0463
5924.0,0.0,5924.0,0.0927
5925.0,0.521,5925.0,0.0579
5926.0,0.0,5926.0,0.0579
5927.0,0.0,5927.0,0.0463
5928.0,0.0,5928.0,0.0579
5929.0,0.0,5929.0,0.0348
5930.0,0.0,5930.0,0.0348
5931.0,0.0,5931.0,0.0463
5932.0,0.0,5932.0,0.0348
5933.0,0.0,5933.0,0.0348
5934.0,0.0,5934.0,0.0232
5935.0,0.0,5935.0,0.0348
5936.0,0.0,5936.0,0.0348
5937.0,0.521,5937.0,0.0232
5938.0,0.0,5938.0,0.0463
5939.0,0.0,5939.0,0.0463
5940.0,0.0,5940.0,0.0463
5941.0,0.0,5941.0,0.0579
5942.0,0.0,5942.0,0.0348
5943.0,0.0,5943.0,0.0579
5944.0,0.0,5944.0,0.0463
5945.0,0.0,5945.0,0.0463
5946.0,0.0,5946.0,0.0463
5947.0,0.0,5947.0,0.0463
5948.0,0.0,5948.0,0.0463
5949.0,0.0,5949.0,0.0463
5950.0,0.0,5950.0,0.0579
5951.0,0.521,5951.0,0.0579
5952.0,0.0,5952.0,0.0579
5953.0,0.0,5953.0,0.0116
5954.0,0.0,5954.0,0.0348
5955.0,0.0,5955.0,0.0579
5956.0,0.0,5956.0,0.0463
5957.0,0.0,5957.0,0.0463
5958.0,0.0,5958.0,0.0579
5959.0,0.0,5959.0,0.0579
5960.0,0.0,5960.0,0.0348
5961.0,0.0,5961.0,0.0463
5962.0,0.521,5962.0,0.0579
5963.0,0.0,5963.0,0.0463
5964.0,0.0,5964.0,0.0579
5965.0,0.0,5965.0,0.0695
5966.0,0.0,5966.0,0.0695
5967.0,0.0,5967.0,0.0579
5968.0,0.0,5968.0,0.0116
5969.0,0.0,5969.0,0.0463
5970.0,0.0,5970.0,0.0116
5971.0,0.521,5971.0,0.0579
5972.0,0.0,5972.0,0.0463
5973.0,0.0,5973.0,0.0463
5974.0,0.0,5974.0,0.0463
5975.0,0.0,5975.0,0.0579
5976.0,0.0,5976.0,0.0579
5977.0,0.0,5977.0,0.0348
5978.0,0.0,5978.0,0.0579
5979.0,0.0,5979.0,0.0579
5980.0,0.0,5980.0,0.0579
5981.0,0.0,5981.0,0.0695
5982.0,0.0,5982.0,0.0695
5983.0,0.521,5983.0,0.0
5984.0,0.0,5984.0,0.0116
5985.0,0.0,5985.0,0.0348
5986.0,0.0,5986.0,0.0
5987.0,0.0,5987.0,0.0232
5988.0,0.0,5988.0,0.0695
5989.0,0.0,5989.0,0.0579
5990.0,0.0,5990.0,0.0579
5991.0,0.0,5991.0,0.0695
5992.0,0.0,5992.0,0.0579
5993.0,0.0,5993.0,0.0579
5994.0,0.0,5994.0,0.0579
5995.0,0.0,5995.0,0.0695
5996.0,0.521,5996.0,0.0695
5997.0,0.0,5997.0,0.0811
5998.0,0.0,5998.0,0.0579
5999.0,0.0,5999.0,0.0927
6000.0,0.0,6000.0,0.0579
6001.0,0.0,6001.0,0.0
6002.0,0.521,6002.0,0.0
6003.0,0.0,6003.0,0.0463
6004.0,0.0,6004.0,0.0116
6005.0,0.0,6005.0,0.0695
6006.0,0.0,6006.0,0.0463
6007.0,0.0,6007.0,0.0695
6008.0,0.0,6008.0,0.0695
6009.0,0.0,6009.0,0.0463
6010.0,0.0,6010.0,0.0463
6011.0,0.0,6011.0,0.0579
6012.0,0.0,6012.0,0.0579
6013.0,0.0,6013.0,0.0463
6014.0,0.0,6014.0,0.0695
6015.0,0.0,6015.0,0.0348
6016.0,0.521,6016.0,0.0
6017.0,0.0,6017.0,0.0463
6018.0,0.0,6018.0,0.0232
6019.0,0.0,6019.0,0.0695
6020.0,0.0,6020.0,0.0695
6021.0,0.0,6021.0,0.0695
6022.0,0.0,6022.0,0.0695
6023.0,0.0,6023.0,0.0579
6024.0,0.0,6024.0,0.0579
6025.0,0.0,6025.0,0.0579
6026.0,0.521,6026.0,0.0695
6027.0,0.0,6027.0,0.0695
6028.0,0.0,6028.0,0.0695
6029.0,0.0,6029.0,0.0927
6030.0,0.0,6030.0,0.0116
6031.0,0.0,6031.0,0.0232
6032.0,0.521,6032.0,0.0348
6033.0,0.0,6033.0,0.0579
6034.0,0.0,6034.0,0.0579
6035.0,0.0,6035.0,0.0695
6036.0,0.0,6036.0,0.0695
6037.0,0.0,6037.0,0.0695
6038.0,0.0,6038.0,0.0463
6039.0,0.0,6039.0,0.0348
6040.0,0.0,6040.0,0.0695
6041.0,0.0,6041.0,0.0463
6042.0,0.0,6042.0,0.0348
6043.0,0.0,6043.0,0.139
6044.0,0.0,6044.0,0.0116
6045.0,0.521,6045.0,0.0232
6046.0,0.0,6046.0,0.0348
6047.0,0.0,6047.0,0.0463
6048.0,0.0,6048.0,0.0579
6049.0,0.0,6049.0,0.0695
6050.0,0.0,6050.0,0.0579
6051.0,0.0,6051.0,0.0579
6052.0,0.0,6052.0,0.0463
6053.0,0.0,6053.0,0.0579
6054.0,0.521,6054.0,0.0348
6055.0,0.0,6055.0,0.0695
6056.0,0.0,6056.0,0.0348
6057.0,0.0,6057.0,0.104
6058.0,0.0,6058.0,0.0
6059.0,0.0,6059.0,0.0
6060.0,0.0,6060.0,0.0463
6061.0,0.0,6061.0,0.0
6062.0,0.0,6062.0,0.0348
6063.0,0.0,6063.0,0.0695
6064.0,0.0,6064.0,0.0579
6065.0,0.521,6065.0,0.0695
6066.0,0.0,6066.0,0.0463
6067.0,0.0,6067.0,0.0232
6068.0,0.0,6068.0,0.0463
6069.0,0.0,6069.0,0.0348
6070.0,0.0,6070.0,0.0695
6071.0,0.0,6071.0,0.0811
6072.0,0.0,6072.0,0.0
6073.0,0.0,6073.0,0.0116
6074.0,0.0,6074.0,0.0348
6075.0,0.0,6075.0,0.0
6076.0,0.0,6076.0,0.0
6077.0,0.0,6077.0,0.0
6078.0,0.0,6078.0,0.0463
6079.0,0.521,6079.0,0.0348
6080.0,0.0,6080.0,0.0463
6081.0,0.0,6081.0,0.0348
6082.0,0.0,6082.0,0.0463
6083.0,0.0,6083.0,0.0348
6084.0,0.0,6084.0,0.0579
6085.0,0.0,6085.0,0.139
6086.0,0.0,6086.0,0.0463
6087.0,0.0,6087.0,0.0463
6088.0,0.0,6088.0,0.0579
6089.0,0.0,6089.0,0.0579
6090.0,0.0,6090.0,0.0
6091.0,0.521,6091.0,0.0
6092.0,0.0,6092.0,0.0116
6093.0,0.0,6093.0,0.0232
6094.0,0.0,6094.0,0.0116
6095.0,0.0,6095.0,0.0116
6096.0,0.0,6096.0,0.0463
6097.0,0.0,6097.0,0.0463
6098.0,0.0,6098.0,0.0463
6099.0,0.0,6099.0,0.185
6100.0,0.0,6100.0,0.0927
6101.0,0.0,6101.0,0.0579
6102.0,0.0,6102.0,0.0695
6103.0,0.521,6103.0,0.0695
6104.0,0.0,6104.0,0.0695
6105.0,0.0,6105.0,0.0579
6106.0,0.0,6106.0,0.0579
6107.0,0.0,6107.0,0.0348
6108.0,0.0,6108.0,0.0463
6109.0,0.0,6109.0,0.0579
6110.0,0.0,6110.0,0.0695
6111.0,0.0,6111.0,0.0695
6112.0,0.0,6112.0,0.0927
6113.0,0.521,6113.0,0.127
6114.0,0.0,6114.0,0.0
6115.0,0.0,6115.0,0.0463
6116.0,0.0,6116.0,0.0
6117.0,0.0,6117.0,0.0348
6118.0,0.0,6118.0,0.0579
6119.0,0.0,6119.0,0.0463
6120.0,0.0,6120.0,0.0579
6121.0,0.0,6121.0,0.0579
6122.0,0.0,6122.0,0.0579
6123.0,0.521,6123.0,0.0695
6124.0,0.0,6124.0,0.0695
6125.0,0.0,6125.0,0.0695
6126.0,0.0,6126.0,0.0927
6127.0,0.0,6127.0,0.162
6128.0,0.521,6128.0,0.0695
6129.0,0.0,6129.0,0.0463
6130.0,0.0,6130.0,0.0232
6131.0,0.0,6131.0,0.0695
6132.0,0.0,6132.0,0.0579
6133.0,0.0,6133.0,0.0695
6134.0,0.0,6134.0,0.0695
6135.0,0.0,6135.0,0.0811
6136.0,0.0,6136.0,0.0927
6137.0,0.0,6137.0,0.0463
6138.0,0.521,6138.0,0.0579
6139.0,0.0,6139.0,0.0811
6140.0,0.0,6140.0,0.0811
6141.0,0.0,6141.0,0.151
6142.0,0.521,6142.0,0.139
6143.0,0.0,6143.0,0.0348
6144.0,0.0,6144.0,0.0695
6145.0,0.0,6145.0,0.0811
6146.0,0.0,6146.0,0.0811
6147.0,0.0,6147.0,0.0695
6148.0,0.0,6148.0,0.0579
6149.0,0.0,6149.0,0.0695
6150.0,0.0,6150.0,0.0695
6151.0,0.521,6151.0,0.0695
6152.0,0.0,6152.0,0.0463
6153.0,0.0,6153.0,0.0695
6154.0,0.0,6154.0,0.0695
6155.0,0.0,6155.0,0.0695
6156.0,0.521,6156.0,0.127
6157.0,0.0,6157.0,0.0348
6158.0,0.0,6158.0,0.0463
6159.0,0.0,6159.0,0.104
6160.0,0.0,6160.0,0.0927
6161.0,0.0,6161.0,0.0811
6162.0,0.0,6162.0,0.0579
6163.0,0.0,6163.0,0.0463
6164.0,0.521,6164.0,0.0579
6165.0,0.0,6165.0,0.0695
6166.0,0.0,6166.0,0.0695
6167.0,0.0,6167.0,0.0695
6168.0,0.0,6168.0,0.0695
6169.0,0.0,6169.0,0.0695
6170.0,0.0,6170.0,0.0695
6171.0,0.521,6171.0,0.116
6172.0,0.0,6172.0,0.0232
6173.0,0.0,6173.0,0.0348
6174.0,0.0,6174.0,0.0463
6175.0,0.0,6175.0,0.104
6176.0,0.0,6176.0,0.0927
6177.0,0.0,6177.0,0.0579
6178.0,0.0,6178.0,0.0579
6179.0,0.0,6179.0,0.0463
6180.0,0.0,6180.0,0.0695
6181.0,0.0,6181.0,0.0811
6182.0,0.521,6182.0,0.0811
6183.0,0.0,6183.0,0.0811
6184.0,0.0,6184.0,0.104
6185.0,0.0,6185.0,0.127
6186.0,0.521,6186.0,0.0927
6187.0,0.0,6187.0,0.104
6188.0,0.0,6188.0,0.0
6189.0,0.0,6189.0,0.0463
6190.0,0.0,6190.0,0.0232
6191.0,0.0,6191.0,0.0927
6192.0,0.0,6192.0,0.0927
6193.0,0.0,6193.0,0.0695
6194.0,0.521,6194.0,0.0695
6195.0,0.0,6195.0,0.0695
6196.0,0.0,6196.0,0.104
6197.0,0.0,6197.0,0.127
6198.0,0.0,6198.0,0.0811
6199.0,0.0,6199.0,0.104
6200.0,0.521,6200.0,0.151
6201.0,0.0,6201.0,0.139
6202.0,0.0,6202.0,0.104
6203.0,0.0,6203.0,0.162
6204.0,0.521,6204.0,0.0927
6205.0,0.0,6205.0,0.0
6206.0,0.0,6206.0,0.0
6207.0,0.0,6207.0,0.0463
6208.0,0.0,6208.0,0.0
6209.0,0.0,6209.0,0.0
6210.0,0.0,6210.0,0.0348
6211.0,0.0,6211.0,0.151
6212.0,0.0,6212.0,0.116
6213.0,0.0,6213.0,0.0927
6214.0,0.521,6214.0,0.104
6215.0,0.0,6215.0,0.104
6216.0,0.0,6216.0,0.116
6217.0,0.0,6217.0,0.104
6218.0,0.0,6218.0,0.127
6219.0,0.0,6219.0,0.116
6220.0,0.0,6220.0,0.0927
6221.0,0.521,6221.0,0.0695
6222.0,0.0,6222.0,0.0927
6223.0,0.0,6223.0,0.0116
6224.0,0.521,6224.0,0.0
6225.0,0.0,6225.0,0.0
6226.0,0.0,6226.0,0.0463
6227.0,0.0,6227.0,0.0
6228.0,0.0,6228.0,0.0579
6229.0,0.0,6229.0,0.0695
6230.0,0.0,6230.0,0.104
6231.0,0.0,6231.0,0.139
6232.0,0.0,6232.0,0.116
6233.0,0.0,6233.0,0.151
6234.0,0.0,6234.0,0.0927
6235.0,0.0,6235.0,0.104
6236.0,0.521,6236.0,0.0811
6237.0,0.0,6237.0,0.0811
6238.0,0.0,6238.0,0.0695
6239.0,0.521,6239.0,0.116
6240.0,0.0,6240.0,0.0
6241.0,0.0,6241.0,0.0116
6242.0,0.0,6242.0,0.0348
6243.0,0.0,6243.0,0.0
6244.0,0.0,6244.0,0.0116
6245.0,0.0,6245.0,0.127
6246.0,0.0,6246.0,0.116
6247.0,0.0,6247.0,0.151
6248.0,0.0,6248.0,0.127
6249.0,0.0,6249.0,0.116
6250.0,0.521,6250.0,0.0927
6251.0,0.0,6251.0,0.0811
6252.0,0.0,6252.0,0.0579
6253.0,0.0,6253.0,0.0811
6254.0,0.521,6254.0,0.104
6255.0,0.0,6255.0,0.116
6256.0,0.521,6256.0,0.0579
6257.0,0.0,6257.0,0.0
6258.0,0.0,6258.0,0.0116
6259.0,0.0,6259.0,0.0348
6260.0,0.0,6260.0,0.0
6261.0,0.0,6261.0,0.0116
6262.0,0.0,6262.0,0.162
6263.0,0.0,6263.0,0.185
6264.0,0.0,6264.0,0.162
6265.0,0.0,6265.0,0.139
6266.0,0.521,6266.0,0.127
6267.0,0.0,6267.0,0.0811
6268.0,0.0,6268.0,0.116
6269.0,0.521,6269.0,0.116
6270.0,0.0,6270.0,0.116
6271.0,0.0,6271.0,0.116
6272.0,0.0,6272.0,0.116
6273.0,0.0,6273.0,0.162
6274.0,0.0,6274.0,0.185
6275.0,0.521,6275.0,0.162
6276.0,0.0,6276.0,0.139
6277.0,0.0,6277.0,0.139
6278.0,0.0,6278.0,0.185
6279.0,0.521,6279.0,0.278
6280.0,0.0,6280.0,0.405
6281.0,0.521,6281.0,0.162
6282.0,0.521,6282.0,0.0
6283.0,0.521,6283.0,0.0463
6284.0,0.0,6284.0,0.0463
6285.0,0.0,6285.0,0.0927
6286.0,0.0,6286.0,0.0927
6287.0,0.0,6287.0,0.0695
6288.0,0.0,6288.0,0.104
6289.0,0.0,6289.0,0.0927
6290.0,0.0,6290.0,0.0811
6291.0,0.0,6291.0,0.0463
6292.0,0.0,6292.0,0.0811
6293.0,0.521,6293.0,0.0695
6294.0,0.0,6294.0,0.0927
6295.0,0.0,6295.0,0.0695
6296.0,0.0,6296.0,0.0811
6297.0,0.0,6297.0,0.0116
6298.0,0.521,6298.0,0.0463
6299.0,0.0,6299.0,0.104
6300.0,0.0,6300.0,0.104
6301.0,0.0,6301.0,0.0811
6302.0,0.0,6302.0,0.0811
6303.0,0.0,6303.0,0.104
6304.0,0.0,6304.0,0.116
6305.0,0.521,6305.0,0.0348
6306.0,0.0,6306.0,0.0695
6307.0,0.0,6307.0,0.0927
6308.0,0.0,6308.0,0.0695
6309.0,0.0,6309.0,0.0579
6310.0,0.0,6310.0,0.0811
6311.0,0.0,6311.0,0.0811
6312.0,0.0,6312.0,0.0
6313.0,0.521,6313.0,0.0463
6314.0,0.0,6314.0,0.0
6315.0,0.0,6315.0,0.0579
6316.0,0.0,6316.0,0.0811
6317.0,0.0,6317.0,0.0811
6318.0,0.0,6318.0,0.0927
6319.0,0.0,6319.0,0.0927
6320.0,0.0,6320.0,0.0811
6321.0,0.0,6321.0,0.0811
6322.0,0.0,6322.0,0.116
6323.0,0.0,6323.0,0.127
6324.0,0.521,6324.0,0.104
6325.0,0.0,6325.0,0.0579
6326.0,0.0,6326.0,0.116
6327.0,0.0,6327.0,0.174
6328.0,0.0,6328.0,0.0348
6329.0,0.521,6329.0,0.0
6330.0,0.0,6330.0,0.0348
6331.0,0.0,6331.0,0.0116
6332.0,0.0,6332.0,0.0
6333.0,0.521,6333.0,0.104
6334.0,0.0,6334.0,0.104
6335.0,0.0,6335.0,0.104
6336.0,0.0,6336.0,0.151
6337.0,0.0,6337.0,0.0927
6338.0,0.0,6338.0,0.0927
6339.0,0.0,6339.0,0.104
6340.0,0.0,6340.0,0.0927
6341.0,0.0,6341.0,0.0927
6342.0,0.521,6342.0,0.104
6343.0,0.0,6343.0,0.151
6344.0,0.0,6344.0,0.209
6345.0,0.0,6345.0,0.0348
6346.0,0.521,6346.0,0.0
6347.0,0.0,6347.0,0.0232
6348.0,0.0,6348.0,0.0232
6349.0,0.0,6349.0,0.0
6350.0,0.0,6350.0,0.0
6351.0,0.0,6351.0,0.0348
6352.0,0.0,6352.0,0.116
6353.0,0.0,6353.0,0.116
6354.0,0.0,6354.0,0.0811
6355.0,0.0,6355.0,0.0927
6356.0,0.0,6356.0,0.116
6357.0,0.521,6357.0,0.104
6358.0,0.0,6358.0,0.104
6359.0,0.0,6359.0,0.104
6360.0,0.0,6360.0,0.116
6361.0,0.521,6361.0,0.162
6362.0,0.0,6362.0,0.162
6363.0,0.0,6363.0,0.139
6364.0,0.521,6364.0,0.0811
6365.0,0.0,6365.0,0.0
6366.0,0.0,6366.0,0.0
6367.0,0.0,6367.0,0.0463
6368.0,0.0,6368.0,0.0
6369.0,0.0,6369.0,0.0579
6370.0,0.0,6370.0,0.104
6371.0,0.0,6371.0,0.116
6372.0,0.0,6372.0,0.0927
6373.0,0.0,6373.0,0.0927
6374.0,0.0,6374.0,0.116
6375.0,0.0,6375.0,0.0927
6376.0,0.0,6376.0,0.116
6377.0,0.0,6377.0,0.104
6378.0,0.0,6378.0,0.185
6379.0,0.521,6379.0,0.174
6380.0,0.0,6380.0,0.0232
6381.0,0.521,6381.0,0.0
6382.0,0.521,6382.0,0.0463
6383.0,0.0,6383.0,0.0232
6384.0,0.0,6384.0,0.116
6385.0,0.0,6385.0,0.116
6386.0,0.0,6386.0,0.0927
6387.0,0.0,6387.0,0.104
6388.0,0.0,6388.0,0.127
6389.0,0.0,6389.0,0.104
6390.0,0.0,6390.0,0.0579
6391.0,0.0,6391.0,0.0579
6392.0,0.521,6392.0,0.0811
6393.0,0.0,6393.0,0.0927
6394.0,0.0,6394.0,0.0579
6395.0,0.0,6395.0,0.0
6396.0,0.521,6396.0,0.0
6397.0,0.0,6397.0,0.0463
6398.0,0.0,6398.0,0.0579
6399.0,0.0,6399.0,0.185
6400.0,0.0,6400.0,0.127
6401.0,0.0,6401.0,0.151
6402.0,0.0,6402.0,0.116
6403.0,0.521,6403.0,0.116
6404.0,0.0,6404.0,0.0927
6405.0,0.0,6405.0,0.0927
6406.0,0.0,6406.0,0.0927
6407.0,0.0,6407.0,0.0695
6408.0,0.521,6408.0,0.0927
6409.0,0.0,6409.0,0.0927
6410.0,0.0,6410.0,0.0348
6411.0,0.0,6411.0,0.0
6412.0,0.521,6412.0,0.0463
6413.0,0.0,6413.0,0.0348
6414.0,0.0,6414.0,0.127
6415.0,0.0,6415.0,0.162
6416.0,0.0,6416.0,0.104
6417.0,0.0,6417.0,0.104
6418.0,0.0,6418.0,0.139
6419.0,0.0,6419.0,0.139
6420.0,0.0,6420.0,0.162
6421.0,0.521,6421.0,0.185
6422.0,0.0,6422.0,0.151
6423.0,0.521,6423.0,0.127
6424.0,0.0,6424.0,0.174
6425.0,0.521,6425.0,0.0
6426.0,0.0,6426.0,0.0579
6427.0,0.0,6427.0,0.174
6428.0,0.0,6428.0,0.174
6429.0,0.0,6429.0,0.139
6430.0,0.0,6430.0,0.139
6431.0,0.0,6431.0,0.116
6432.0,0.0,6432.0,0.0927
6433.0,0.0,6433.0,0.0927
6434.0,0.521,6434.0,0.139
6435.0,0.0,6435.0,0.139
6436.0,0.0,6436.0,0.104
6437.0,0.521,6437.0,0.0
6438.0,0.0,6438.0,0.0116
6439.0,0.0,6439.0,0.0348
6440.0,0.0,6440.0,0.0695
6441.0,0.0,6441.0,0.127
6442.0,0.521,6442.0,0.151
6443.0,0.0,6443.0,0.162
6444.0,0.0,6444.0,0.116
6445.0,0.0,6445.0,0.116
6446.0,0.0,6446.0,0.0811
6447.0,0.0,6447.0,0.0695
6448.0,0.0,6448.0,0.0579
6449.0,0.521,6449.0,0.0927
6450.0,0.0,6450.0,0.0579
6451.0,0.0,6451.0,0.0348
6452.0,0.0,6452.0,0.0232
6453.0,0.0,6453.0,0.0
6454.0,0.0,6454.0,0.0
6455.0,0.521,6455.0,0.0348
6456.0,0.0,6456.0,0.0116
6457.0,0.0,6457.0,0.0116
6458.0,0.0,6458.0,0.116
6459.0,0.0,6459.0,0.151
6460.0,0.0,6460.0,0.139
6461.0,0.0,6461.0,0.116
6462.0,0.0,6462.0,0.0927
6463.0,0.0,6463.0,0.139
6464.0,0.0,6464.0,0.104
6465.0,0.0,6465.0,0.0927
6466.0,0.0,6466.0,0.116
6467.0,0.0,6467.0,0.0695
6468.0,0.521,6468.0,0.0811
6469.0,0.0,6469.0,0.162
6470.0,0.0,6470.0,0.0579
6471.0,0.521,6471.0,0.0
6472.0,0.0,6472.0,0.0
6473.0,0.521,6473.0,0.0
6474.0,0.0,6474.0,0.0463
6475.0,0.0,6475.0,0.0
6476.0,0.0,6476.0,0.0
6477.0,0.0,6477.0,0.0811
6478.0,0.0,6478.0,0.116
6479.0,0.0,6479.0,0.104
6480.0,0.0,6480.0,0.104
6481.0,0.0,6481.0,0.0927
6482.0,0.0,6482.0,0.0927
6483.0,0.0,6483.0,0.104
6484.0,0.0,6484.0,0.104
6485.0,0.0,6485.0,0.162
6486.0,0.0,6486.0,0.116
6487.0,0.0,6487.0,0.0811
6488.0,0.521,6488.0,0.0927
6489.0,0.0,6489.0,0.127
6490.0,0.0,6490.0,0.0348
6491.0,0.521,6491.0,0.0
6492.0,0.0,6492.0,0.0
6493.0,0.0,6493.0,0.0116
6494.0,0.0,6494.0,0.0348
6495.0,0.0,6495.0,0.0
6496.0,0.0,6496.0,0.0579
6497.0,0.0,6497.0,0.0927
6498.0,0.0,6498.0,0.104
6499.0,0.0,6499.0,0.127
6500.0,0.0,6500.0,0.162
6501.0,0.0,6501.0,0.139
6502.0,0.0,6502.0,0.139
6503.0,0.521,6503.0,0.0695
6504.0,0.0,6504.0,0.0927
6505.0,0.521,6505.0,0.0811
6506.0,0.0,6506.0,0.0348
6507.0,0.0,6507.0,0.0
6508.0,0.0,6508.0,0.0
6509.0,0.521,6509.0,0.0116
6510.0,0.0,6510.0,0.0348
6511.0,0.0,6511.0,0.0
6512.0,0.0,6512.0,0.0116
6513.0,0.0,6513.0,0.0927
6514.0,0.0,6514.0,0.0927
6515.0,0.0,6515.0,0.104
6516.0,0.0,6516.0,0.127
6517.0,0.0,6517.0,0.174
6518.0,0.0,6518.0,0.209
6519.0,0.0,6519.0,0.116
6520.0,0.0,6520.0,0.174
6521.0,0.521,6521.0,0.127
6522.0,0.0,6522.0,0.0463
6523.0,0.0,6523.0,0.0
6524.0,0.521,6524.0,0.0
6525.0,0.0,6525.0,0.0348
6526.0,0.0,6526.0,0.0116
6527.0,0.0,6527.0,0.0
6528.0,0.0,6528.0,0.0116
6529.0,0.0,6529.0,0.0811
6530.0,0.0,6530.0,0.0927
6531.0,0.0,6531.0,0.0695
6532.0,0.0,6532.0,0.116
6533.0,0.0,6533.0,0.174
6534.0,0.0,6534.0,0.162
6535.0,0.521,6535.0,0.174
6536.0,0.0,6536.0,0.209
6537.0,0.0,6537.0,0.139
6538.0,0.521,6538.0,0.0463
6539.0,0.0,6539.0,0.0
6540.0,0.521,6540.0,0.0463
6541.0,0.0,6541.0,0.0
6542.0,0.0,6542.0,0.0
6543.0,0.0,6543.0,0.0348
6544.0,0.0,6544.0,0.0927
6545.0,0.0,6545.0,0.0811
6546.0,0.0,6546.0,0.0927
6547.0,0.0,6547.0,0.0811
6548.0,0.0,6548.0,0.0927
6549.0,0.0,6549.0,0.0811
6550.0,0.0,6550.0,0.0927
6551.0,0.0,6551.0,0.22
6552.0,0.0,6552.0,0.324
6553.0,0.0,6553.0,0.0695
6554.0,0.521,6554.0,0.0
6555.0,0.521,6555.0,0.0348
6556.0,0.0,6556.0,0.0116
6557.0,0.0,6557.0,0.0116
6558.0,0.0,6558.0,0.0811
6559.0,0.0,6559.0,0.116
6560.0,0.0,6560.0,0.116
6561.0,0.0,6561.0,0.0927
6562.0,0.0,6562.0,0.116
6563.0,0.0,6563.0,0.116
6564.0,0.0,6564.0,0.0695
6565.0,0.0,6565.0,0.0579
6566.0,0.0,6566.0,0.0811
6567.0,0.521,6567.0,0.243
6568.0,0.0,6568.0,0.0
6569.0,0.521,6569.0,0.0116
6570.0,0.0,6570.0,0.0348
6571.0,0.0,6571.0,0.0348
6572.0,0.0,6572.0,0.104
6573.0,0.0,6573.0,0.104
6574.0,0.0,6574.0,0.104
6575.0,0.0,6575.0,0.104
6576.0,0.0,6576.0,0.127
6577.0,0.0,6577.0,0.104
6578.0,0.521,6578.0,0.0463
6579.0,0.0,6579.0,0.0927
6580.0,0.0,6580.0,0.116
6581.0,0.0,6581.0,0.151
6582.0,0.521,6582.0,0.0
6583.0,0.0,6583.0,0.0
6584.0,0.521,6584.0,0.0463
6585.0,0.0,6585.0,0.0463
6586.0,0.0,6586.0,0.116
6587.0,0.0,6587.0,0.0927
6588.0,0.0,6588.0,0.104
6589.0,0.0,6589.0,0.116
6590.0,0.0,6590.0,0.0463
6591.0,0.0,6591.0,0.104
6592.0,0.0,6592.0,0.104
6593.0,0.0,6593.0,0.0348
6594.0,0.0,6594.0,0.0695
6595.0,0.521,6595.0,0.151
6596.0,0.0,6596.0,0.0811
6597.0,0.0,6597.0,0.0116
6598.0,0.521,6598.0,0.0
6599.0,0.0,6599.0,0.0463
6600.0,0.0,6600.0,0.0232
6601.0,0.0,6601.0,0.0811
6602.0,0.0,6602.0,0.0811
6603.0,0.0,6603.0,0.0811
6604.0,0.0,6604.0,0.0811
6605.0,0.0,6605.0,0.0811
6606.0,0.0,6606.0,0.0579
6607.0,0.0,6607.0,0.0695
6608.0,0.0,6608.0,0.0811
6609.0,0.0,6609.0,0.0811
6610.0,0.521,6610.0,0.104
6611.0,0.0,6611.0,0.0695
6612.0,0.0,6612.0,0.0
6613.0,0.0,6613.0,0.0
6614.0,0.0,6614.0,0.0463
6615.0,0.0,6615.0,0.0232
6616.0,0.0,6616.0,0.0811
6617.0,0.521,6617.0,0.0811
6618.0,0.0,6618.0,0.0811
6619.0,0.0,6619.0,0.0579
6620.0,0.0,6620.0,0.0811
6621.0,0.0,6621.0,0.0927
6622.0,0.0,6622.0,0.0695
6623.0,0.0,6623.0,0.0811
6624.0,0.0,6624.0,0.104
6625.0,0.0,6625.0,0.0811
6626.0,0.521,6626.0,0.0232
6627.0,0.0,6627.0,0.0
6628.0,0.0,6628.0,0.0116
6629.0,0.0,6629.0,0.0348
6630.0,0.0,6630.0,0.0
6631.0,0.0,6631.0,0.0695
6632.0,0.0,6632.0,0.0811
6633.0,0.0,6633.0,0.0811
6634.0,0.0,6634.0,0.0695
6635.0,0.0,6635.0,0.0927
6636.0,0.521,6636.0,0.0811
6637.0,0.0,6637.0,0.0579
6638.0,0.0,6638.0,0.0579
6639.0,0.0,6639.0,0.0811
6640.0,0.0,6640.0,0.162
6641.0,0.0,6641.0,0.116
6642.0,0.0,6642.0,0.0
6643.0,0.521,6643.0,0.0
6644.0,0.0,6644.0,0.0
6645.0,0.0,6645.0,0.0348
6646.0,0.0,6646.0,0.0116
6647.0,0.0,6647.0,0.0
6648.0,0.0,6648.0,0.0116
6649.0,0.0,6649.0,0.0811
6650.0,0.0,6650.0,0.0695
6651.0,0.0,6651.0,0.0927
6652.0,0.0,6652.0,0.0579
6653.0,0.0,6653.0,0.0463
6654.0,0.0,6654.0,0.0811
6655.0,0.0,6655.0,0.104
6656.0,0.0,6656.0,0.185
6657.0,0.0,6657.0,0.174
6658.0,0.0,6658.0,0.139
6659.0,0.521,6659.0,0.0811
6660.0,0.0,6660.0,0.0695
6661.0,0.521,6661.0,0.0
6662.0,0.0,6662.0,0.0
6663.0,0.0,6663.0,0.0
6664.0,0.0,6664.0,0.0
6665.0,0.0,6665.0,0.0463
6666.0,0.521,6666.0,0.0
6667.0,0.0,6667.0,0.0116
6668.0,0.0,6668.0,0.0695
6669.0,0.0,6669.0,0.0579
6670.0,0.0,6670.0,0.0695
6671.0,0.0,6671.0,0.0695
6672.0,0.0,6672.0,0.0579
6673.0,0.0,6673.0,0.104
6674.0,0.0,6674.0,0.151
6675.0,0.0,6675.0,0.104
6676.0,0.0,6676.0,0.0695
6677.0,0.521,6677.0,0.0
6678.0,0.0,6678.0,0.0
6679.0,0.0,6679.0,0.0232
6680.0,0.0,6680.0,0.0232
6681.0,0.0,6681.0,0.0
6682.0,0.0,6682.0,0.0695
6683.0,0.0,6683.0,0.0695
6684.0,0.0,6684.0,0.0579
6685.0,0.0,6685.0,0.0579
6686.0,0.0,6686.0,0.0579
6687.0,0.0,6687.0,0.0579
6688.0,0.0,6688.0,0.0463
6689.0,0.0,6689.0,0.0695
6690.0,0.0,6690.0,0.116
6691.0,0.0,6691.0,0.139
6692.0,0.0,6692.0,0.0579
6693.0,0.0,6693.0,0.0927
6694.0,0.521,6694.0,0.0348
6695.0,0.521,6695.0,0.0
6696.0,0.0,6696.0,0.0232
6697.0,0.0,6697.0,0.0232
6698.0,0.0,6698.0,0.0927
6699.0,0.0,6699.0,0.0811
6700.0,0.0,6700.0,0.0579
6701.0,0.0,6701.0,0.0695
6702.0,0.0,6702.0,0.0579
6703.0,0.0,6703.0,0.0463
6704.0,0.0,6704.0,0.0348
6705.0,0.0,6705.0,0.0348
6706.0,0.0,6706.0,0.0232
6707.0,0.0,6707.0,0.0116
6708.0,0.521,6708.0,0.0695
6709.0,0.0,6709.0,0.104
6710.0,0.0,6710.0,0.0348
6711.0,0.0,6711.0,0.0232
6712.0,0.0,6712.0,0.0695
6713.0,0.0,6713.0,0.0463
6714.0,0.521,6714.0,0.0695
6715.0,0.0,6715.0,0.0579
6716.0,0.0,6716.0,0.0579
6717.0,0.0,6717.0,0.0116
6718.0,0.0,6718.0,0.0695
6719.0,0.0,6719.0,0.0116
6720.0,0.0,6720.0,0.0232
6721.0,0.0,6721.0,0.0232
6722.0,0.0,6722.0,0.0348
6723.0,0.0,6723.0,0.0
6724.0,0.0,6724.0,0.0232
6725.0,0.0,6725.0,0.0232
6726.0,0.0,6726.0,0.0116
6727.0,0.0,6727.0,0.0232
6728.0,0.521,6728.0,0.0579
6729.0,0.0,6729.0,0.0695
6730.0,0.0,6730.0,0.0579
6731.0,0.0,6731.0,0.0695
6732.0,0.0,6732.0,0.0579
6733.0,0.0,6733.0,0.0579
6734.0,0.0,6734.0,0.0695
6735.0,0.0,6735.0,0.0232
6736.0,0.0,6736.0,0.0348
6737.0,0.0,6737.0,0.0463
6738.0,0.0,6738.0,0.0463
6739.0,0.0,6739.0,0.0
6740.0,0.0,6740.0,0.0
6741.0,0.521,6741.0,0.0463
6742.0,0.0,6742.0,0.0
6743.0,0.0,6743.0,0.0
6744.0,0.0,6744.0,0.0695
6745.0,0.0,6745.0,0.0579
6746.0,0.0,6746.0,0.0695
6747.0,0.0,6747.0,0.0811
6748.0,0.0,6748.0,0.0579
6749.0,0.0,6749.0,0.0579
6750.0,0.0,6750.0,0.0695
6751.0,0.0,6751.0,0.0232
6752.0,0.0,6752.0,0.0811
6753.0,0.0,6753.0,0.0348
6754.0,0.0,6754.0,0.0463
6755.0,0.521,6755.0,0.0
6756.0,0.0,6756.0,0.0
6757.0,0.0,6757.0,0.0348
6758.0,0.0,6758.0,0.0116
6759.0,0.0,6759.0,0.0
6760.0,0.0,6760.0,0.0348
6761.0,0.0,6761.0,0.0579
6762.0,0.0,6762.0,0.0579
6763.0,0.0,6763.0,0.0579
6764.0,0.0,6764.0,0.0579
6765.0,0.0,6765.0,0.0811
6766.0,0.0,6766.0,0.0695
6767.0,0.0,6767.0,0.0348
6768.0,0.0,6768.0,0.0579
6769.0,0.521,6769.0,0.0695
6770.0,0.0,6770.0,0.104
6771.0,0.0,6771.0,0.0463
6772.0,0.0,6772.0,0.0348
6773.0,0.0,6773.0,0.0
6774.0,0.0,6774.0,0.0
6775.0,0.0,6775.0,0.0
6776.0,0.521,6776.0,0.0348
6777.0,0.0,6777.0,0.0116
6778.0,0.0,6778.0,0.0463
6779.0,0.0,6779.0,0.0579
6780.0,0.0,6780.0,0.0579
6781.0,0.0,6781.0,0.0463
6782.0,0.0,6782.0,0.0463
6783.0,0.0,6783.0,0.0695
6784.0,0.0,6784.0,0.0348
6785.0,0.0,6785.0,0.116
6786.0,0.0,6786.0,0.0348
6787.0,0.0,6787.0,0.0348
6788.0,0.0,6788.0,0.0695
6789.0,0.0,6789.0,0.0116
6790.0,0.0,6790.0,0.0
6791.0,0.521,6791.0,0.0232
6792.0,0.0,6792.0,0.0232
6793.0,0.0,6793.0,0.0348
6794.0,0.0,6794.0,0.0579
6795.0,0.0,6795.0,0.0463
6796.0,0.0,6796.0,0.0579
6797.0,0.0,6797.0,0.0463
6798.0,0.0,6798.0,0.0695
6799.0,0.0,6799.0,0.0695
6800.0,0.0,6800.0,0.0695
6801.0,0.521,6801.0,0.0811
6802.0,0.0,6802.0,0.0695
6803.0,0.0,6803.0,0.0463
6804.0,0.0,6804.0,0.0
6805.0,0.0,6805.0,0.0
6806.0,0.0,6806.0,0.0116
6807.0,0.0,6807.0,0.0348
6808.0,0.0,6808.0,0.0
6809.0,0.0,6809.0,0.0463
6810.0,0.0,6810.0,0.0579
6811.0,0.0,6811.0,0.0579
6812.0,0.0,6812.0,0.0463
6813.0,0.0,6813.0,0.0463
6814.0,0.0,6814.0,0.0695
6815.0,0.0,6815.0,0.0695
6816.0,0.0,6816.0,0.104
6817.0,0.521,6817.0,0.0695
6818.0,0.0,6818.0,0.0695
6819.0,0.0,6819.0,0.0579
6820.0,0.0,6820.0,0.0579
6821.0,0.0,6821.0,0.0463
6822.0,0.0,6822.0,0.0579
6823.0,0.521,6823.0,0.0811
6824.0,0.0,6824.0,0.0695
6825.0,0.0,6825.0,0.0463
6826.0,0.0,6826.0,0.0348
6827.0,0.0,6827.0,0.0463
6828.0,0.0,6828.0,0.0579
6829.0,0.0,6829.0,0.0463
6830.0,0.0,6830.0,0.0579
6831.0,0.0,6831.0,0.0463
6832.0,0.521,6832.0,0.0116
6833.0,0.0,6833.0,0.0
6834.0,0.0,6834.0,0.0463
6835.0,0.0,6835.0,0.0348
6836.0,0.0,6836.0,0.0579
6837.0,0.0,6837.0,0.0811
6838.0,0.0,6838.0,0.0579
6839.0,0.0,6839.0,0.0695
6840.0,0.0,6840.0,0.0348
6841.0,0.0,6841.0,0.0463
6842.0,0.0,6842.0,0.0579
6843.0,0.0,6843.0,0.0579
6844.0,0.521,6844.0,0.0463
6845.0,0.0,6845.0,0.0463
6846.0,0.0,6846.0,0.0579
6847.0,0.0,6847.0,0.0579
6848.0,0.0,6848.0,0.0348
6849.0,0.0,6849.0,0.0927
6850.0,0.0,6850.0,0.0579
6851.0,0.521,6851.0,0.0579
6852.0,0.0,6852.0,0.0579
6853.0,0.0,6853.0,0.0463
6854.0,0.0,6854.0,0.0463
6855.0,0.0,6855.0,0.0463
6856.0,0.0,6856.0,0.0463
6857.0,0.0,6857.0,0.0463
6858.0,0.0,6858.0,0.0579
6859.0,0.0,6859.0,0.0348
6860.0,0.0,6860.0,0.0463
6861.0,0.521,6861.0,0.0463
6862.0,0.0,6862.0,0.0116
6863.0,0.0,6863.0,0.0927
6864.0,0.0,6864.0,0.0695
6865.0,0.0,6865.0,0.0463
6866.0,0.0,6866.0,0.0463
6867.0,0.0,6867.0,0.0579
6868.0,0.0,6868.0,0.0348
6869.0,0.0,6869.0,0.0348
6870.0,0.0,6870.0,0.0232
6871.0,0.0,6871.0,0.0232
6872.0,0.0,6872.0,0.0463
6873.0,0.521,6873.0,0.0232
6874.0,0.0,6874.0,0.0463
6875.0,0.0,6875.0,0.0348
6876.0,0.0,6876.0,0.0348
6877.0,0.0,6877.0,0.116
6878.0,0.0,6878.0,0.0579
6879.0,0.0,6879.0,0.0695
6880.0,0.0,6880.0,0.0695
6881.0,0.0,6881.0,0.0463
6882.0,0.0,6882.0,0.0579
6883.0,0.0,6883.0,0.0463
6884.0,0.521,6884.0,0.0463
6885.0,0.0,6885.0,0.0348
6886.0,0.0,6886.0,0.0348
6887.0,0.0,6887.0,0.0463
6888.0,0.0,6888.0,0.0695
6889.0,0.0,6889.0,0.0463
6890.0,0.0,6890.0,0.0116
6891.0,0.0,6891.0,0.0579
6892.0,0.0,6892.0,0.0695
6893.0,0.521,6893.0,0.0579
6894.0,0.0,6894.0,0.0579
6895.0,0.0,6895.0,0.0579
6896.0,0.0,6896.0,0.0579
6897.0,0.0,6897.0,0.0463
6898.0,0.0,6898.0,0.0348
6899.0,0.0,6899.0,0.0232
6900.0,0.0,6900.0,0.0579
6901.0,0.0,6901.0,0.0579
6902.0,0.0,6902.0,0.0348
6903.0,0.0,6903.0,0.0695
6904.0,0.521,6904.0,0.0463
6905.0,0.0,6905.0,0.0348
6906.0,0.0,6906.0,0.0927
6907.0,0.0,6907.0,0.0695
6908.0,0.0,6908.0,0.0695
6909.0,0.0,6909.0,0.0579
6910.0,0.0,6910.0,0.0348
6911.0,0.0,6911.0,0.0463
6912.0,0.0,6912.0,0.0463
6913.0,0.0,6913.0,0.0348
6914.0,0.0,6914.0,0.0579
6915.0,0.521,6915.0,0.0463
6916.0,0.0,6916.0,0.0463
6917.0,0.0,6917.0,0.0463
6918.0,0.0,6918.0,0.0811
6919.0,0.0,6919.0,0.0348
6920.0,0.0,6920.0,0.0116
6921.0,0.0,6921.0,0.0579
6922.0,0.0,6922.0,0.0579
6923.0,0.0,6923.0,0.0463
6924.0,0.0,6924.0,0.0463
6925.0,0.0,6925.0,0.0348
6926.0,0.521,6926.0,0.0463
6927.0,0.0,6927.0,0.0579
6928.0,0.0,6928.0,0.0579
6929.0,0.0,6929.0,0.0463
6930.0,0.0,6930.0,0.0695
6931.0,0.0,6931.0,0.0695
6932.0,0.0,6932.0,0.0695
6933.0,0.0,6933.0,0.0579
6934.0,0.0,6934.0,0.0811
6935.0,0.521,6935.0,0.0232
6936.0,0.0,6936.0,0.0232
6937.0,0.0,6937.0,0.0116
6938.0,0.0,6938.0,0.0695
6939.0,0.0,6939.0,0.0579
6940.0,0.0,6940.0,0.0463
6941.0,0.0,6941.0,0.0695
6942.0,0.0,6942.0,0.0463
6943.0,0.0,6943.0,0.0579
6944.0,0.0,6944.0,0.0463
6945.0,0.0,6945.0,0.0579
6946.0,0.0,6946.0,0.0579
6947.0,0.521,6947.0,0.0811
6948.0,0.0,6948.0,0.0695
6949.0,0.0,6949.0,0.104
6950.0,0.0,6950.0,0.0232
6951.0,0.0,6951.0,0.0232
6952.0,0.521,6952.0,0.0348
6953.0,0.0,6953.0,0.0463
6954.0,0.0,6954.0,0.0695
6955.0,0.0,6955.0,0.0579
6956.0,0.0,6956.0,0.0579
6957.0,0.0,6957.0,0.0463
6958.0,0.0,6958.0,0.0579
6959.0,0.0,6959.0,0.0463
6960.0,0.0,6960.0,0.0463
6961.0,0.0,6961.0,0.0463
6962.0,0.0,6962.0,0.0463
6963.0,0.0,6963.0,0.0811
6964.0,0.0,6964.0,0.0
6965.0,0.521,6965.0,0.0348
6966.0,0.0,6966.0,0.0579
6967.0,0.0,6967.0,0.0463
6968.0,0.0,6968.0,0.0579
6969.0,0.0,6969.0,0.0811
6970.0,0.0,6970.0,0.0695
6971.0,0.0,6971.0,0.0579
6972.0,0.0,6972.0,0.0463
6973.0,0.0,6973.0,0.0579
6974.0,0.0,6974.0,0.0348
6975.0,0.521,6975.0,0.0579
6976.0,0.0,6976.0,0.0463
6977.0,0.0,6977.0,0.0116
6978.0,0.0,6978.0,0.0348
6979.0,0.0,6979.0,0.0232
6980.0,0.0,6980.0,0.0811
6981.0,0.0,6981.0,0.0811
6982.0,0.0,6982.0,0.0695
6983.0,0.0,6983.0,0.0463
6984.0,0.0,6984.0,0.0695
6985.0,0.0,6985.0,0.0695
6986.0,0.521,6986.0,0.0579
6987.0,0.0,6987.0,0.0695
6988.0,0.0,6988.0,0.0463
6989.0,0.0,6989.0,0.104
6990.0,0.0,6990.0,0.0695
6991.0,0.0,6991.0,0.0116
6992.0,0.521,6992.0,0.0348
6993.0,0.0,6993.0,0.0579
6994.0,0.0,6994.0,0.0579
6995.0,0.0,6995.0,0.0695
6996.0,0.0,6996.0,0.0695
6997.0,0.0,6997.0,0.0579
6998.0,0.0,6998.0,0.0579
6999.0,0.0,6999.0,0.0579
7000.0,0.0,7000.0,0.0695
7001.0,0.0,7001.0,0.0579
7002.0,0.0,7002.0,0.0579
7003.0,0.0,7003.0,0.116
7004.0,0.521,7004.0,0.0348
7005.0,0.0,7005.0,0.0463
7006.0,0.0,7006.0,0.0232
7007.0,0.0,7007.0,0.0579
7008.0,0.0,7008.0,0.0695
7009.0,0.0,7009.0,0.0579
7010.0,0.0,7010.0,0.0695
7011.0,0.0,7011.0,0.0695
7012.0,0.0,7012.0,0.0695
7013.0,0.521,7013.0,0.0463
7014.0,0.0,7014.0,0.0463
7015.0,0.0,7015.0,0.0463
7016.0,0.0,7016.0,0.0579
7017.0,0.0,7017.0,0.104
7018.0,0.0,7018.0,0.0116
7019.0,0.521,7019.0,0.0348
7020.0,0.0,7020.0,0.0463
7021.0,0.0,7021.0,0.0579
7022.0,0.0,7022.0,0.0695
7023.0,0.0,7023.0,0.0695
7024.0,0.0,7024.0,0.0579
7025.0,0.0,7025.0,0.0579
7026.0,0.0,7026.0,0.0579
7027.0,0.0,7027.0,0.0579
7028.0,0.0,7028.0,0.0463
7029.0,0.0,7029.0,0.0348
7030.0,0.0,7030.0,0.0579
7031.0,0.0,7031.0,0.104
7032.0,0.521,7032.0,0.0232
7033.0,0.0,7033.0,0.0232
7034.0,0.0,7034.0,0.0348
7035.0,0.0,7035.0,0.0579
7036.0,0.0,7036.0,0.0579
7037.0,0.0,7037.0,0.0463
7038.0,0.0,7038.0,0.0579
7039.0,0.0,7039.0,0.0579
7040.0,0.0,7040.0,0.0463
7041.0,0.0,7041.0,0.0463
7042.0,0.521,7042.0,0.0695
7043.0,0.0,7043.0,0.0116
7044.0,0.0,7044.0,0.0811
7045.0,0.0,7045.0,0.0579
7046.0,0.0,7046.0,0.0232
7047.0,0.0,7047.0,0.0232
7048.0,0.0,7048.0,0.0116
7049.0,0.0,7049.0,0.0579
7050.0,0.0,7050.0,0.0463
7051.0,0.0,7051.0,0.0579
7052.0,0.521,7052.0,0.0695
7053.0,0.0,7053.0,0.0348
7054.0,0.0,7054.0,0.0348
7055.0,0.0,7055.0,0.0463
7056.0,0.0,7056.0,0.0463
7057.0,0.0,7057.0,0.0463
7058.0,0.0,7058.0,0.0927
7059.0,0.0,7059.0,0.0348
7060.0,0.0,7060.0,0.0
7061.0,0.0,7061.0,0.0348
7062.0,0.0,7062.0,0.0116
7063.0,0.521,7063.0,0.0116
7064.0,0.0,7064.0,0.0579
7065.0,0.0,7065.0,0.0348
7066.0,0.0,7066.0,0.0463
7067.0,0.0,7067.0,0.0463
7068.0,0.0,7068.0,0.0463
7069.0,0.0,7069.0,0.0579
7070.0,0.0,7070.0,0.0348
7071.0,0.0,7071.0,0.0348
7072.0,0.0,7072.0,0.0927
7073.0,0.0,7073.0,0.0232
7074.0,0.0,7074.0,0.0348
7075.0,0.0,7075.0,0.0
7076.0,0.521,7076.0,0.0116
7077.0,0.0,7077.0,0.0348
7078.0,0.0,7078.0,0.0232
7079.0,0.0,7079.0,0.0348
7080.0,0.0,7080.0,0.0463
7081.0,0.0,7081.0,0.0463
7082.0,0.0,7082.0,0.0348
7083.0,0.0,7083.0,0.0463
7084.0,0.0,7084.0,0.0348
7085.0,0.0,7085.0,0.0232
7086.0,0.0,7086.0,0.0927
7087.0,0.0,7087.0,0.0463
7088.0,0.0,7088.0,0.0348
7089.0,0.0,7089.0,0.0348
7090.0,0.0,7090.0,0.0
7091.0,0.521,7091.0,0.0116
7092.0,0.0,7092.0,0.0232
7093.0,0.0,7093.0,0.0348
7094.0,0.0,7094.0,0.0463
7095.0,0.0,7095.0,0.0348
7096.0,0.0,7096.0,0.0348
7097.0,0.0,7097.0,0.0463
7098.0,0.0,7098.0,0.0348
7099.0,0.0,7099.0,0.104
7100.0,0.0,7100.0,0.0232
7101.0,0.0,7101.0,0.0348
7102.0,0.0,7102.0,0.0463
7103.0,0.0,7103.0,0.0348
7104.0,0.0,7104.0,0.0
7105.0,0.521,7105.0,0.0
7106.0,0.0,7106.0,0.0463
7107.0,0.0,7107.0,0.0348
7108.0,0.0,7108.0,0.0463
7109.0,0.0,7109.0,0.0348
7110.0,0.0,7110.0,0.0463
7111.0,0.0,7111.0,0.0232
7112.0,0.0,7112.0,0.0695
7113.0,0.0,7113.0,0.0695
7114.0,0.0,7114.0,0.0348
7115.0,0.0,7115.0,0.0463
7116.0,0.0,7116.0,0.0348
7117.0,0.0,7117.0,0.0348
7118.0,0.0,7118.0,0.0116
7119.0,0.521,7119.0,0.0
7120.0,0.0,7120.0,0.0348
7121.0,0.0,7121.0,0.0348
7122.0,0.0,7122.0,0.0463
7123.0,0.0,7123.0,0.0463
7124.0,0.0,7124.0,0.0348
7125.0,0.0,7125.0,0.0579
7126.0,0.0,7126.0,0.0811
7127.0,0.0,7127.0,0.0348
7128.0,0.0,7128.0,0.0463
7129.0,0.0,7129.0,0.0463
7130.0,0.0,7130.0,0.0463
7131.0,0.0,7131.0,0.0116
7132.0,0.0,7132.0,0.0
7133.0,0.521,7133.0,0.0
7134.0,0.0,7134.0,0.0463
7135.0,0.0,7135.0,0.0
7136.0,0.0,7136.0,0.0232
7137.0,0.0,7137.0,0.0348
7138.0,0.0,7138.0,0.0463
7139.0,0.0,7139.0,0.0348
7140.0,0.0,7140.0,0.0579
7141.0,0.0,7141.0,0.0579
7142.0,0.0,7142.0,0.0463
7143.0,0.0,7143.0,0.0463
7144.0,0.0,7144.0,0.0463
7145.0,0.0,7145.0,0.0463
7146.0,0.0,7146.0,0.0348
7147.0,0.0,7147.0,0.0348
7148.0,0.0,7148.0,0.0
7149.0,0.521,7149.0,0.0
7150.0,0.0,7150.0,0.0232
7151.0,0.0,7151.0,0.0232
7152.0,0.0,7152.0,0.0
7153.0,0.0,7153.0,0.0463
7154.0,0.0,7154.0,0.0348
7155.0,0.0,7155.0,0.0463
7156.0,0.0,7156.0,0.0695
7157.0,0.0,7157.0,0.0579
7158.0,0.0,7158.0,0.0348
7159.0,0.0,7159.0,0.0579
7160.0,0.0,7160.0,0.0348
7161.0,0.0,7161.0,0.0348
7162.0,0.0,7162.0,0.0348
7163.0,0.0,7163.0,0.0348
7164.0,0.0,7164.0,0.0232
7165.0,0.0,7165.0,0.0
7166.0,0.521,7166.0,0.0
7167.0,0.0,7167.0,0.0116
7168.0,0.0,7168.0,0.0116
7169.0,0.0,7169.0,0.0232
7170.0,0.0,7170.0,0.0116
7171.0,0.0,7171.0,0.0348
7172.0,0.0,7172.0,0.0695
7173.0,0.0,7173.0,0.0811
7174.0,0.0,7174.0,0.0579
7175.0,0.0,7175.0,0.0348
7176.0,0.0,7176.0,0.0348
7177.0,0.0,7177.0,0.0348
7178.0,0.0,7178.0,0.0348
7179.0,0.0,7179.0,0.0463
7180.0,0.0,7180.0,0.0463
7181.0,0.521,7181.0,0.0
7182.0,0.0,7182.0,0.0
7183.0,0.0,7183.0,0.0
7184.0,0.0,7184.0,0.0463
7185.0,0.0,7185.0,0.0
7186.0,0.0,7186.0,0.0116
7187.0,0.0,7187.0,0.0695
7188.0,0.0,7188.0,0.0695
7189.0,0.0,7189.0,0.0463
7190.0,0.0,7190.0,0.0463
7191.0,0.0,7191.0,0.0579
7192.0,0.0,7192.0,0.0348
7193.0,0.0,7193.0,0.0348
7194.0,0.0,7194.0,0.0232
7195.0,0.0,7195.0,0.0348
7196.0,0.0,7196.0,0.0463
7197.0,0.0,7197.0,0.0348
7198.0,0.0,7198.0,0.0463
7199.0,0.521,7199.0,0.0348
7200.0,0.0,7200.0,0.0463
7201.0,0.0,7201.0,0.0232
7202.0,0.0,7202.0,0.0116
7203.0,0.0,7203.0,0.0348
7204.0,0.0,7204.0,0.0348
7205.0,0.0,7205.0,0.0579
7206.0,0.0,7206.0,0.0463
7207.0,0.0,7207.0,0.0348
7208.0,0.0,7208.0,0.0348
7209.0,0.0,7209.0,0.0348
7210.0,0.0,7210.0,0.0348
7211.0,0.0,7211.0,0.0348
7212.0,0.0,7212.0,0.0463
7213.0,0.0,7213.0,0.0463
7214.0,0.0,7214.0,0.0116
7215.0,0.521,7215.0,0.0232
7216.0,0.0,7216.0,0.0
7217.0,0.0,7217.0,0.0348
7218.0,0.0,7218.0,0.0232
7219.0,0.0,7219.0,0.0463
7220.0,0.0,7220.0,0.0348
7221.0,0.0,7221.0,0.0348
7222.0,0.0,7222.0,0.0232
7223.0,0.0,7223.0,0.0348
7224.0,0.0,7224.0,0.0348
7225.0,0.0,7225.0,0.0232
7226.0,0.0,7226.0,0.0348
7227.0,0.0,7227.0,0.0232
7228.0,0.0,7228.0,0.0
7229.0,0.0,7229.0,0.0348
7230.0,0.0,7230.0,0.0579
7231.0,0.521,7231.0,0.0
7232.0,0.0,7232.0,0.0232
7233.0,0.0,7233.0,0.0463
7234.0,0.0,7234.0,0.0463
7235.0,0.0,7235.0,0.0348
7236.0,0.0,7236.0,0.0463
7237.0,0.0,7237.0,0.0348
7238.0,0.0,7238.0,0.0232
7239.0,0.0,7239.0,0.0232
7240.0,0.0,7240.0,0.0232
7241.0,0.0,7241.0,0.0232
7242.0,0.0,7242.0,0.0232
7243.0,0.0,7243.0,0.0348
7244.0,0.0,7244.0,0.0116
7245.0,0.521,7245.0,0.0116
7246.0,0.0,7246.0,0.0348
7247.0,0.0,7247.0,0.0348
7248.0,0.0,7248.0,0.0579
7249.0,0.0,7249.0,0.0579
7250.0,0.0,7250.0,0.0695
7251.0,0.0,7251.0,0.0579
7252.0,0.0,7252.0,0.0463
7253.0,0.0,7253.0,0.0463
7254.0,0.0,7254.0,0.0348
7255.0,0.0,7255.0,0.0348
7256.0,0.0,7256.0,0.0348
7257.0,0.521,7257.0,0.0348
7258.0,0.0,7258.0,0.0
7259.0,0.0,7259.0,0.0232
7260.0,0.0,7260.0,0.0232
7261.0,0.0,7261.0,0.0232
7262.0,0.0,7262.0,0.0232
7263.0,0.0,7263.0,0.0463
7264.0,0.0,7264.0,0.0579
7265.0,0.0,7265.0,0.0695
7266.0,0.0,7266.0,0.0463
7267.0,0.0,7267.0,0.0463
7268.0,0.0,7268.0,0.0463
7269.0,0.0,7269.0,0.0579
7270.0,0.0,7270.0,0.0927
7271.0,0.521,7271.0,0.0463
7272.0,0.0,7272.0,0.0348
7273.0,0.0,7273.0,0.0695
7274.0,0.0,7274.0,0.0695
7275.0,0.0,7275.0,0.0348
7276.0,0.0,7276.0,0.0348
7277.0,0.0,7277.0,0.0116
7278.0,0.0,7278.0,0.0
7279.0,0.0,7279.0,0.0
7280.0,0.0,7280.0,0.0232
7281.0,0.0,7281.0,0.0232
7282.0,0.0,7282.0,0.0
7283.0,0.0,7283.0,0.0463
7284.0,0.521,7284.0,0.0695
7285.0,0.0,7285.0,0.0695
7286.0,0.0,7286.0,0.0811
7287.0,0.0,7287.0,0.0695
7288.0,0.0,7288.0,0.0695
7289.0,0.0,7289.0,0.0463
7290.0,0.0,7290.0,0.0348
7291.0,0.0,7291.0,0.0463
7292.0,0.0,7292.0,0.0348
7293.0,0.0,7293.0,0.0348
7294.0,0.0,7294.0,0.0232
7295.0,0.0,7295.0,0.0579
7296.0,0.521,7296.0,0.0116
7297.0,0.0,7297.0,0.0
7298.0,0.0,7298.0,0.0463
7299.0,0.0,7299.0,0.0579
7300.0,0.0,7300.0,0.0811
7301.0,0.0,7301.0,0.104
7302.0,0.0,7302.0,0.0811
7303.0,0.0,7303.0,0.0579
7304.0,0.0,7304.0,0.0695
7305.0,0.0,7305.0,0.0348
7306.0,0.0,7306.0,0.0232
7307.0,0.521,7307.0,0.0579
7308.0,0.0,7308.0,0.0579
7309.0,0.0,7309.0,0.0232
7310.0,0.0,7310.0,0.0232
7311.0,0.0,7311.0,0.0232
7312.0,0.0,7312.0,0.0
7313.0,0.0,7313.0,0.0463
7314.0,0.0,7314.0,0.0348
7315.0,0.0,7315.0,0.0695
7316.0,0.0,7316.0,0.0579
7317.0,0.0,7317.0,0.0695
7318.0,0.0,7318.0,0.0579
7319.0,0.0,7319.0,0.0927
7320.0,0.521,7320.0,0.0463
7321.0,0.0,7321.0,0.0348
7322.0,0.0,7322.0,0.0579
7323.0,0.0,7323.0,0.0463
7324.0,0.0,7324.0,0.0463
7325.0,0.0,7325.0,0.0463
7326.0,0.0,7326.0,0.0463
7327.0,0.521,7327.0,0.0116
7328.0,0.0,7328.0,0.0
7329.0,0.0,7329.0,0.0463
7330.0,0.0,7330.0,0.0116
7331.0,0.0,7331.0,0.0927
7332.0,0.0,7332.0,0.0695
7333.0,0.0,7333.0,0.0927
7334.0,0.0,7334.0,0.0695
7335.0,0.0,7335.0,0.0579
7336.0,0.0,7336.0,0.0579
7337.0,0.0,7337.0,0.0579
7338.0,0.0,7338.0,0.0579
7339.0,0.0,7339.0,0.0579
7340.0,0.0,7340.0,0.0348
7341.0,0.521,7341.0,0.0463
7342.0,0.0,7342.0,0.0463
7343.0,0.0,7343.0,0.0463
7344.0,0.0,7344.0,0.0116
7345.0,0.0,7345.0,0.0348
7346.0,0.0,7346.0,0.0116
7347.0,0.0,7347.0,0.0811
7348.0,0.0,7348.0,0.0927
7349.0,0.0,7349.0,0.0927
7350.0,0.521,7350.0,0.0695
7351.0,0.0,7351.0,0.0695
7352.0,0.0,7352.0,0.0695
7353.0,0.0,7353.0,0.0463
7354.0,0.0,7354.0,0.0695
7355.0,0.0,7355.0,0.0811
7356.0,0.0,7356.0,0.0695
7357.0,0.521,7357.0,0.0348
7358.0,0.0,7358.0,0.0116
7359.0,0.0,7359.0,0.0348
7360.0,0.0,7360.0,0.0348
7361.0,0.0,7361.0,0.0927
7362.0,0.0,7362.0,0.0811
7363.0,0.0,7363.0,0.104
7364.0,0.0,7364.0,0.116
7365.0,0.0,7365.0,0.104
7366.0,0.0,7366.0,0.0811
7367.0,0.0,7367.0,0.0811
7368.0,0.521,7368.0,0.0579
7369.0,0.0,7369.0,0.0695
7370.0,0.0,7370.0,0.0811
7371.0,0.521,7371.0,0.0
7372.0,0.0,7372.0,0.0
7373.0,0.0,7373.0,0.0463
7374.0,0.0,7374.0,0.0116
7375.0,0.0,7375.0,0.0927
7376.0,0.0,7376.0,0.0811
7377.0,0.0,7377.0,0.0695
7378.0,0.0,7378.0,0.0579
7379.0,0.0,7379.0,0.0811
7380.0,0.0,7380.0,0.0811
7381.0,0.0,7381.0,0.0927
7382.0,0.0,7382.0,0.162
7383.0,0.521,7383.0,0.127
7384.0,0.0,7384.0,0.0695
7385.0,0.521,7385.0,0.0811
7386.0,0.0,7386.0,0.0811
7387.0,0.0,7387.0,0.0695
7388.0,0.0,7388.0,0.104
7389.0,0.0,7389.0,0.139
7390.0,0.0,7390.0,0.127
7391.0,0.0,7391.0,0.104
7392.0,0.0,7392.0,0.0811
7393.0,0.521,7393.0,0.0811
7394.0,0.0,7394.0,0.0811
7395.0,0.0,7395.0,0.0463
7396.0,0.0,7396.0,0.0
7397.0,0.0,7397.0,0.0116
7398.0,0.521,7398.0,0.0927
7399.0,0.0,7399.0,0.104
7400.0,0.0,7400.0,0.104
7401.0,0.0,7401.0,0.0811
7402.0,0.0,7402.0,0.0695
7403.0,0.0,7403.0,0.0811
7404.0,0.0,7404.0,0.0927
7405.0,0.521,7405.0,0.104
7406.0,0.0,7406.0,0.0927
7407.0,0.0,7407.0,0.0927
7408.0,0.0,7408.0,0.116
7409.0,0.521,7409.0,0.0927
7410.0,0.0,7410.0,0.0348
7411.0,0.0,7411.0,0.0348
7412.0,0.0,7412.0,0.151
7413.0,0.0,7413.0,0.139
7414.0,0.0,7414.0,0.104
7415.0,0.0,7415.0,0.0927
7416.0,0.0,7416.0,0.0927
7417.0,0.0,7417.0,0.0927
7418.0,0.521,7418.0,0.0811
7419.0,0.0,7419.0,0.0695
7420.0,0.0,7420.0,0.0927
7421.0,0.0,7421.0,0.0927
7422.0,0.0,7422.0,0.116
7423.0,0.521,7423.0,0.0927
7424.0,0.0,7424.0,0.0927
7425.0,0.0,7425.0,0.0695
7426.0,0.521,7426.0,0.116
7427.0,0.0,7427.0,0.0811
7428.0,0.0,7428.0,0.0811
7429.0,0.0,7429.0,0.0463
7430.0,0.0,7430.0,0.0811
7431.0,0.0,7431.0,0.0463
7432.0,0.0,7432.0,0.0579
7433.0,0.0,7433.0,0.0463
7434.0,0.0,7434.0,0.0348
7435.0,0.0,7435.0,0.0579
7436.0,0.521,7436.0,0.0232
7437.0,0.0,7437.0,0.0695
7438.0,0.0,7438.0,0.0579
7439.0,0.0,7439.0,0.139
7440.0,0.0,7440.0,0.104
7441.0,0.0,7441.0,0.0927
7442.0,0.0,7442.0,0.0927
7443.0,0.521,7443.0,0.0811
7444.0,0.0,7444.0,0.0695
7445.0,0.0,7445.0,0.0811
7446.0,0.0,7446.0,0.0695
7447.0,0.0,7447.0,0.0695
7448.0,0.0,7448.0,0.0463
7449.0,0.0,7449.0,0.0579
7450.0,0.521,7450.0,0.0579
7451.0,0.0,7451.0,0.0579
7452.0,0.0,7452.0,0.162
7453.0,0.0,7453.0,0.116
7454.0,0.0,7454.0,0.116
7455.0,0.0,7455.0,0.104
7456.0,0.521,7456.0,0.104
7457.0,0.0,7457.0,0.0695
7458.0,0.0,7458.0,0.0811
7459.0,0.0,7459.0,0.0695
7460.0,0.0,7460.0,0.0811
7461.0,0.0,7461.0,0.0348
7462.0,0.0,7462.0,0.0579
7463.0,0.521,7463.0,0.0463
7464.0,0.0,7464.0,0.0927
7465.0,0.0,7465.0,0.127
7466.0,0.0,7466.0,0.116
7467.0,0.0,7467.0,0.0811
7468.0,0.521,7468.0,0.0695
7469.0,0.0,7469.0,0.0695
7470.0,0.0,7470.0,0.0695
7471.0,0.0,7471.0,0.0579
7472.0,0.0,7472.0,0.104
7473.0,0.0,7473.0,0.0579
7474.0,0.0,7474.0,0.0348
7475.0,0.0,7475.0,0.0348
7476.0,0.521,7476.0,0.0348
7477.0,0.0,7477.0,0.0695
7478.0,0.0,7478.0,0.116
7479.0,0.0,7479.0,0.116
7480.0,0.0,7480.0,0.116
7481.0,0.0,7481.0,0.116
7482.0,0.521,7482.0,0.0811
7483.0,0.0,7483.0,0.116
7484.0,0.0,7484.0,0.0579
7485.0,0.0,7485.0,0.0927
7486.0,0.0,7486.0,0.0695
7487.0,0.0,7487.0,0.0232
7488.0,0.0,7488.0,0.0811
7489.0,0.521,7489.0,0.0
7490.0,0.0,7490.0,0.0463
7491.0,0.0,7491.0,0.104
7492.0,0.0,7492.0,0.127
7493.0,0.0,7493.0,0.127
7494.0,0.0,7494.0,0.139
7495.0,0.521,7495.0,0.0927
7496.0,0.0,7496.0,0.104
7497.0,0.0,7497.0,0.116
7498.0,0.0,7498.0,0.0927
7499.0,0.0,7499.0,0.0695
7500.0,0.0,7500.0,0.0811
7501.0,0.521,7501.0,0.0695
7502.0,0.0,7502.0,0.0116
7503.0,0.0,7503.0,0.0348
7504.0,0.0,7504.0,0.0463
7505.0,0.0,7505.0,0.104
7506.0,0.0,7506.0,0.116
7507.0,0.0,7507.0,0.127
7508.0,0.521,7508.0,0.139
7509.0,0.0,7509.0,0.116
7510.0,0.0,7510.0,0.127
7511.0,0.0,7511.0,0.104
7512.0,0.521,7512.0,0.0927
7513.0,0.0,7513.0,0.104
7514.0,0.0,7514.0,0.127
7515.0,0.0,7515.0,0.0232
7516.0,0.0,7516.0,0.0116
7517.0,0.0,7517.0,0.0348
7518.0,0.521,7518.0,0.0811
7519.0,0.0,7519.0,0.0927
7520.0,0.0,7520.0,0.104
7521.0,0.0,7521.0,0.104
7522.0,0.0,7522.0,0.116
7523.0,0.0,7523.0,0.127
7524.0,0.0,7524.0,0.127
7525.0,0.521,7525.0,0.116
7526.0,0.0,7526.0,0.22
7527.0,0.0,7527.0,0.0579
7528.0,0.0,7528.0,0.0811
7529.0,0.521,7529.0,0.0116
7530.0,0.0,7530.0,0.0
7531.0,0.0,7531.0,0.0463
7532.0,0.0,7532.0,0.0579
7533.0,0.0,7533.0,0.0927
7534.0,0.0,7534.0,0.104
7535.0,0.0,7535.0,0.0811
7536.0,0.0,7536.0,0.104
7537.0,0.521,7537.0,0.0811
7538.0,0.0,7538.0,0.0927
7539.0,0.0,7539.0,0.232
7540.0,0.0,7540.0,0.151
7541.0,0.521,7541.0,0.0811
7542.0,0.0,7542.0,0.0
7543.0,0.0,7543.0,0.0232
7544.0,0.0,7544.0,0.0232
7545.0,0.0,7545.0,0.0579
7546.0,0.0,7546.0,0.0927
7547.0,0.0,7547.0,0.0927
7548.0,0.0,7548.0,0.0927
7549.0,0.521,7549.0,0.0811
7550.0,0.0,7550.0,0.0695
7551.0,0.0,7551.0,0.127
7552.0,0.0,7552.0,0.209
7553.0,0.521,7553.0,0.127
7554.0,0.0,7554.0,0.104
7555.0,0.0,7555.0,0.116
7556.0,0.0,7556.0,0.0579
7557.0,0.521,7557.0,0.0116
7558.0,0.0,7558.0,0.0348
7559.0,0.0,7559.0,0.0579
7560.0,0.0,7560.0,0.104
7561.0,0.0,7561.0,0.104
7562.0,0.0,7562.0,0.104
7563.0,0.0,7563.0,0.104
7564.0,0.0,7564.0,0.104
7565.0,0.0,7565.0,0.139
7566.0,0.521,7566.0,0.116
7567.0,0.0,7567.0,0.116
7568.0,0.0,7568.0,0.0811
7569.0,0.0,7569.0,0.116
7570.0,0.0,7570.0,0.0116
7571.0,0.521,7571.0,0.0348
7572.0,0.0,7572.0,0.0116
7573.0,0.0,7573.0,0.0811
7574.0,0.0,7574.0,0.104
7575.0,0.0,7575.0,0.127
7576.0,0.0,7576.0,0.174
7577.0,0.521,7577.0,0.151
7578.0,0.0,7578.0,0.151
7579.0,0.0,7579.0,0.162
7580.0,0.0,7580.0,0.174
7581.0,0.521,7581.0,0.127
7582.0,0.0,7582.0,0.139
7583.0,0.0,7583.0,0.127
7584.0,0.0,7584.0,0.116
7585.0,0.521,7585.0,0.104
7586.0,0.0,7586.0,0.0
7587.0,0.0,7587.0,0.0463
7588.0,0.0,7588.0,0.0
7589.0,0.0,7589.0,0.162
7590.0,0.521,7590.0,0.139
7591.0,0.0,7591.0,0.162
7592.0,0.0,7592.0,0.139
7593.0,0.0,7593.0,0.151
7594.0,0.0,7594.0,0.127
7595.0,0.521,7595.0,0.151
7596.0,0.0,7596.0,0.174
7597.0,0.0,7597.0,0.185
7598.0,0.0,7598.0,0.116
7599.0,0.521,7599.0,0.116
7600.0,0.0,7600.0,0.104
7601.0,0.0,7601.0,0.104
7602.0,0.521,7602.0,0.0579
7603.0,0.0,7603.0,0.0
7604.0,0.0,7604.0,0.0463
7605.0,0.0,7605.0,0.0
7606.0,0.0,7606.0,0.104
7607.0,0.0,7607.0,0.209
7608.0,0.0,7608.0,0.232
7609.0,0.521,7609.0,0.255
7610.0,0.0,7610.0,0.197
7611.0,0.521,7611.0,0.185
7612.0,0.0,7612.0,0.162
7613.0,0.0,7613.0,0.151
7614.0,0.0,7614.0,0.104
7615.0,0.0,7615.0,0.151
7616.0,0.521,7616.0,0.139
7617.0,0.0,7617.0,0.162
7618.0,0.0,7618.0,0.116
7619.0,0.521,7619.0,0.139
7620.0,0.0,7620.0,0.127
7621.0,0.0,7621.0,0.127
7622.0,0.521,7622.0,0.0695
7623.0,0.0,7623.0,0.116
7624.0,0.0,7624.0,0.127
7625.0,0.521,7625.0,0.0116
7626.0,0.0,7626.0,0.151
7627.0,0.0,7627.0,0.162
7628.0,0.0,7628.0,0.151
7629.0,0.0,7629.0,0.0927
7630.0,0.0,7630.0,0.151
7631.0,0.521,7631.0,0.0579
7632.0,0.0,7632.0,0.127
7633.0,0.0,7633.0,0.0695
7634.0,0.0,7634.0,0.0927
7635.0,0.0,7635.0,0.0927
