senderTs,senderMbps,receiverTs,receiverMbps
1.0,0.985,1.0,0.116
2.0,0.0,2.0,0.0
3.0,0.0,3.0,0.0
4.0,0.0,4.0,0.0
5.0,0.0,5.0,0.0
6.0,0.0,6.0,0.0
7.0,0.521,7.0,0.0
8.0,0.695,8.0,0.0
9.0,0.0,9.0,0.0
10.0,0.0,10.0,0.0232
11.0,0.0,11.0,0.0348
12.0,0.0,12.0,0.0232
13.0,0.0,13.0,0.0463
14.0,0.0232,14.0,0.0695
15.0,0.0463,15.0,0.0348
16.0,0.0116,16.0,0.0
17.0,0.0,17.0,0.0
18.0,0.0,18.0,0.0
19.0,0.255,19.0,0.0
20.0,0.0,20.0,0.0116
21.0,0.0,21.0,0.0348
22.0,0.0,22.0,0.0
23.0,0.0,23.0,0.0116
24.0,0.301,24.0,0.0579
25.0,0.0116,25.0,0.0348
26.0,0.0,26.0,0.0463
27.0,0.0,27.0,0.0463
28.0,0.0,28.0,0.0463
29.0,0.0,29.0,0.0348
30.0,0.0,30.0,0.0
31.0,0.0,31.0,0.0
32.0,0.0348,32.0,0.0
33.0,0.371,33.0,0.0
34.0,0.405,34.0,0.0
35.0,0.127,35.0,0.0232
36.0,0.0,36.0,0.0463
37.0,0.0,37.0,0.0927
38.0,0.0,38.0,0.0348
39.0,0.0,39.0,0.0
40.0,0.521,40.0,0.0232
41.0,0.0,41.0,0.0232
42.0,0.0,42.0,0.0
43.0,0.521,43.0,0.0
44.0,0.0,44.0,0.0116
45.0,0.0,45.0,0.0695
46.0,0.0,46.0,0.0811
47.0,0.0,47.0,0.0927
48.0,0.0,48.0,0.0811
49.0,0.0,49.0,0.0811
50.0,0.0,50.0,0.0116
51.0,0.0,51.0,0.0348
52.0,0.0,52.0,0.0348
53.0,0.0,53.0,0.0
54.0,0.0,54.0,0.0
55.0,0.0,55.0,0.0
56.0,0.0,56.0,0.0
57.0,0.0,57.0,0.0
58.0,0.0,58.0,0.0
59.0,0.0,59.0,0.0
60.0,0.0,60.0,0.0
61.0,0.521,61.0,0.0
62.0,0.0,62.0,0.0
63.0,0.0,63.0,0.0116
64.0,0.0,64.0,0.0348
65.0,0.0,65.0,0.0
66.0,0.0,66.0,0.0
67.0,0.0,67.0,0.0
68.0,0.0,68.0,0.0
69.0,0.0,69.0,0.0
70.0,0.0,70.0,0.0
71.0,0.0,71.0,0.0
72.0,0.0,72.0,0.0116
73.0,0.521,73.0,0.0579
74.0,0.0,74.0,0.0579
75.0,0.0,75.0,0.0927
76.0,0.0,76.0,0.0811
77.0,0.0,77.0,0.0811
78.0,0.0,78.0,0.0579
79.0,0.0,79.0,0.0232
80.0,1.04,80.0,0.0116
81.0,0.521,81.0,0.0695
82.0,0.0,82.0,0.0579
83.0,0.0,83.0,0.0927
84.0,0.0,84.0,0.0579
85.0,0.0,85.0,0.104
86.0,0.0,86.0,0.0695
87.0,0.521,87.0,0.0811
88.0,0.521,88.0,0.0579
89.0,0.0,89.0,0.0463
90.0,0.0,90.0,0.0579
91.0,0.0,91.0,0.104
92.0,0.0,92.0,0.0232
93.0,0.0,93.0,0.0
94.0,0.0,94.0,0.0
95.0,0.521,95.0,0.0
96.0,0.0,96.0,0.0
97.0,0.0,97.0,0.0
98.0,0.0,98.0,0.0
99.0,0.0,99.0,0.0
100.0,0.0,100.0,0.0
101.0,0.521,101.0,0.0
102.0,0.0,102.0,0.0463
103.0,0.0,103.0,0.0
104.0,0.0,104.0,0.0
105.0,0.0,105.0,0.0
106.0,0.0,106.0,0.0
107.0,0.521,107.0,0.0
108.0,0.0,108.0,0.0
109.0,0.0,109.0,0.0348
110.0,0.0,110.0,0.0579
111.0,0.0,111.0,0.0579
112.0,0.0,112.0,0.0695
113.0,0.0,113.0,0.0579
114.0,0.0,114.0,0.0811
115.0,0.0,115.0,0.0811
116.0,0.0,116.0,0.0579
117.0,0.0,117.0,0.0811
118.0,0.0,118.0,0.0579
119.0,0.0,119.0,0.0463
120.0,0.0,120.0,0.0579
121.0,0.0,121.0,0.0463
122.0,0.0,122.0,0.0
123.0,0.0,123.0,0.0
124.0,0.0,124.0,0.0
125.0,0.0,125.0,0.0
126.0,0.521,126.0,0.0
127.0,0.0,127.0,0.0
128.0,0.0,128.0,0.0
129.0,0.0,129.0,0.0116
130.0,0.0,130.0,0.0348
131.0,0.0,131.0,0.0
132.0,0.0,132.0,0.0463
133.0,0.0,133.0,0.116
134.0,0.0,134.0,0.116
135.0,0.0,135.0,0.127
136.0,0.0,136.0,0.104
137.0,0.0,137.0,0.104
138.0,0.0,138.0,0.139
139.0,0.0,139.0,0.0811
140.0,0.0,140.0,0.0695
141.0,0.0,141.0,0.116
142.0,0.0,142.0,0.104
143.0,0.0,143.0,0.0695
144.0,0.0,144.0,0.0116
145.0,0.0,145.0,0.0232
146.0,0.0,146.0,0.0463
147.0,0.0,147.0,0.0348
148.0,0.0,148.0,0.0927
149.0,0.521,149.0,0.0348
150.0,0.0,150.0,0.0232
151.0,0.521,151.0,0.0232
152.0,0.0,152.0,0.0232
153.0,0.521,153.0,0.0232
154.0,0.0,154.0,0.0232
155.0,0.521,155.0,0.0348
156.0,0.0,156.0,0.0116
157.0,0.0,157.0,0.0
158.0,0.0,158.0,0.0
159.0,0.0,159.0,0.0116
160.0,0.0,160.0,0.0348
161.0,0.0,161.0,0.0
162.0,0.0,162.0,0.0
163.0,0.0,163.0,0.0
164.0,0.0,164.0,0.0116
165.0,0.0,165.0,0.22
166.0,0.0,166.0,0.174
167.0,0.0,167.0,0.127
168.0,0.0,168.0,0.139
169.0,0.0,169.0,0.174
170.0,0.0,170.0,0.162
171.0,0.0,171.0,0.0348
172.0,0.0,172.0,0.0
173.0,0.0,173.0,0.0
174.0,0.0,174.0,0.0
175.0,0.0,175.0,0.0
176.0,0.521,176.0,0.0
177.0,0.0,177.0,0.0463
178.0,0.0,178.0,0.0
179.0,0.521,179.0,0.0
180.0,0.0,180.0,0.0
181.0,0.0,181.0,0.0
182.0,0.0,182.0,0.0116
183.0,0.0,183.0,0.0348
184.0,0.0,184.0,0.0
185.0,0.0,185.0,0.0
186.0,0.0,186.0,0.0
187.0,0.0,187.0,0.0232
188.0,0.0,188.0,0.0695
189.0,0.0,189.0,0.0579
190.0,0.0,190.0,0.0695
191.0,0.0,191.0,0.0579
192.0,0.0,192.0,0.0811
193.0,0.0,193.0,0.127
194.0,0.0,194.0,0.127
195.0,0.0,195.0,0.151
196.0,0.0,196.0,0.151
197.0,0.0,197.0,0.116
198.0,0.521,198.0,0.0348
199.0,0.0,199.0,0.0
200.0,0.0,200.0,0.0232
201.0,0.0,201.0,0.0116
202.0,0.521,202.0,0.0579
203.0,0.0,203.0,0.0695
204.0,0.0,204.0,0.0579
205.0,0.0,205.0,0.0348
206.0,0.0,206.0,0.0232
207.0,0.0,207.0,0.0
208.0,0.0,208.0,0.0
209.0,0.0,209.0,0.0
210.0,0.0,210.0,0.0
211.0,0.0,211.0,0.0
212.0,0.0,212.0,0.0
213.0,0.0,213.0,0.0
214.0,0.0,214.0,0.0
215.0,0.0,215.0,0.0
216.0,0.0,216.0,0.0
217.0,0.0,217.0,0.0
218.0,0.0,218.0,0.0463
219.0,0.0,219.0,0.0
220.0,0.0,220.0,0.0
221.0,0.0,221.0,0.0
222.0,0.0,222.0,0.0
223.0,0.0,223.0,0.0
224.0,0.0,224.0,0.0
225.0,0.0,225.0,0.0
226.0,0.0,226.0,0.0116
227.0,0.0,227.0,0.22
228.0,0.0,228.0,0.278
229.0,0.0,229.0,0.255
230.0,0.0,230.0,0.197
231.0,0.0,231.0,0.116
232.0,0.0,232.0,0.0348
233.0,0.0,233.0,0.0
234.0,0.0,234.0,0.0
235.0,0.0,235.0,0.0
236.0,0.0,236.0,0.0
237.0,0.0,237.0,0.0
238.0,0.0,238.0,0.0
239.0,0.0,239.0,0.0
240.0,0.0,240.0,0.0
241.0,0.0,241.0,0.0
242.0,0.521,242.0,0.0
243.0,1.04,243.0,0.0232
244.0,0.0,244.0,0.0232
245.0,0.0,245.0,0.0
246.0,0.0,246.0,0.174
247.0,0.0,247.0,0.232
248.0,0.0,248.0,0.185
249.0,0.0,249.0,0.278
250.0,0.0,250.0,0.29
251.0,0.0,251.0,0.324
252.0,0.521,252.0,0.371
253.0,0.0,253.0,0.22
254.0,0.521,254.0,0.266
255.0,0.0,255.0,0.197
256.0,0.0,256.0,0.197
257.0,0.0,257.0,0.185
258.0,0.521,258.0,0.174
259.0,0.0,259.0,0.151
260.0,0.0,260.0,0.209
261.0,0.521,261.0,0.0463
262.0,0.0,262.0,0.0
263.0,0.0,263.0,0.0
264.0,0.521,264.0,0.0
265.0,0.0,265.0,0.0
266.0,0.521,266.0,0.0116
267.0,0.0,267.0,0.0348
268.0,0.0,268.0,0.0
269.0,0.0,269.0,0.0
270.0,0.0,270.0,0.0
271.0,0.0,271.0,0.0
272.0,0.0,272.0,0.0
273.0,0.0,273.0,0.0
274.0,0.0,274.0,0.0
275.0,0.0,275.0,0.0
276.0,0.0,276.0,0.0
277.0,0.0,277.0,0.0
278.0,0.0,278.0,0.0463
279.0,0.0,279.0,0.0579
280.0,0.0,280.0,0.0348
281.0,0.0,281.0,0.0695
282.0,0.0,282.0,0.0579
283.0,0.0,283.0,0.0811
284.0,0.0,284.0,0.0927
285.0,0.0,285.0,0.0695
286.0,0.0,286.0,0.151
287.0,0.521,287.0,0.22
288.0,0.0,288.0,0.151
289.0,0.0,289.0,0.127
290.0,0.521,290.0,0.0
291.0,0.0,291.0,0.0
292.0,0.0,292.0,0.0
293.0,0.0,293.0,0.0
294.0,0.0,294.0,0.0
295.0,0.0,295.0,0.0232
296.0,0.0,296.0,0.0811
297.0,0.0,297.0,0.0811
298.0,0.0,298.0,0.0695
299.0,0.0,299.0,0.116
300.0,0.0,300.0,0.0116
301.0,0.521,301.0,0.0
302.0,0.0,302.0,0.0
303.0,0.0,303.0,0.0
304.0,0.0,304.0,0.0
305.0,0.0,305.0,0.0463
306.0,0.0,306.0,0.0
307.0,0.0,307.0,0.0
308.0,0.0,308.0,0.0
309.0,0.0,309.0,0.0
310.0,0.0,310.0,0.0
311.0,0.0,311.0,0.0
312.0,0.0,312.0,0.0
313.0,0.0,313.0,0.0
314.0,0.0,314.0,0.151
315.0,0.0,315.0,0.255
316.0,0.0,316.0,0.255
317.0,0.0,317.0,0.29
318.0,0.0,318.0,0.313
319.0,0.0,319.0,0.151
320.0,0.0,320.0,0.0
321.0,0.0,321.0,0.0
322.0,0.0,322.0,0.0463
323.0,0.0,323.0,0.255
324.0,0.0,324.0,0.266
325.0,0.0,325.0,0.22
326.0,0.0,326.0,0.151
327.0,0.521,327.0,0.151
328.0,0.0,328.0,0.151
329.0,0.0,329.0,0.139
330.0,0.0,330.0,0.151
331.0,0.0,331.0,0.185
332.0,0.0,332.0,0.162
333.0,0.0,333.0,0.139
334.0,0.521,334.0,0.139
335.0,0.0,335.0,0.162
336.0,1.56,336.0,0.174
337.0,1.04,337.0,0.162
338.0,0.521,338.0,0.174
339.0,0.0,339.0,0.151
340.0,0.521,340.0,0.174
341.0,0.0,341.0,0.0
342.0,0.0,342.0,0.0
343.0,0.0,343.0,0.0
344.0,0.0,344.0,0.0
345.0,0.0,345.0,0.0
346.0,0.0,346.0,0.0
347.0,0.0,347.0,0.0
348.0,0.0,348.0,0.0
349.0,0.0,349.0,0.0
350.0,0.0,350.0,0.0
351.0,0.0,351.0,0.0463
352.0,0.0,352.0,0.0
353.0,0.0,353.0,0.0
354.0,0.0,354.0,0.0
355.0,0.0,355.0,0.0
356.0,0.0,356.0,0.0
357.0,0.0,357.0,0.127
358.0,0.0,358.0,0.429
359.0,0.0,359.0,0.417
360.0,0.0,360.0,0.463
361.0,0.0,361.0,0.429
362.0,0.0,362.0,0.382
363.0,0.0,363.0,0.313
364.0,0.0,364.0,0.255
365.0,0.0,365.0,0.209
366.0,0.0,366.0,0.139
367.0,0.0,367.0,0.0811
368.0,0.0,368.0,0.116
369.0,0.0,369.0,0.151
370.0,0.0,370.0,0.22
371.0,0.0,371.0,0.405
372.0,0.0,372.0,0.359
373.0,0.0,373.0,0.266
374.0,0.0,374.0,0.324
375.0,0.0,375.0,0.429
376.0,0.521,376.0,0.324
377.0,0.521,377.0,0.29
378.0,0.0,378.0,0.0
379.0,0.0,379.0,0.0
380.0,0.521,380.0,0.0
381.0,0.521,381.0,0.0
382.0,1.56,382.0,0.0
383.0,1.56,383.0,0.0
384.0,1.04,384.0,0.0348
385.0,0.0,385.0,0.0116
386.0,0.0,386.0,0.0
387.0,0.0,387.0,0.0
388.0,0.0,388.0,0.0695
389.0,0.0,389.0,0.301
390.0,0.0,390.0,0.301
391.0,0.0,391.0,0.29
392.0,0.0,392.0,0.313
393.0,0.0,393.0,0.278
394.0,0.0,394.0,0.232
395.0,0.0,395.0,0.243
396.0,0.0,396.0,0.278
397.0,0.0,397.0,0.0811
398.0,0.0,398.0,0.0116
399.0,0.0,399.0,0.0348
400.0,0.0,400.0,0.0
401.0,0.0,401.0,0.0
402.0,0.0,402.0,0.0
403.0,0.0,403.0,0.0
404.0,0.0,404.0,0.0
405.0,0.521,405.0,0.0
406.0,0.521,406.0,0.0
407.0,0.521,407.0,0.0
408.0,1.04,408.0,0.0
409.0,0.0,409.0,0.0463
410.0,0.0,410.0,0.0
411.0,0.0,411.0,0.0
412.0,0.0,412.0,0.0
413.0,0.0,413.0,0.0
414.0,0.0,414.0,0.0
415.0,0.0,415.0,0.0
416.0,0.0,416.0,0.0
417.0,0.0,417.0,0.0
418.0,0.0,418.0,0.0
419.0,0.0,419.0,0.0
420.0,0.0,420.0,0.0
421.0,0.0,421.0,0.0
422.0,0.0,422.0,0.0116
423.0,0.0,423.0,0.209
424.0,0.0,424.0,0.209
425.0,0.0,425.0,0.185
426.0,0.0,426.0,0.22
427.0,0.0,427.0,0.197
428.0,0.0,428.0,0.417
429.0,0.0,429.0,0.359
430.0,0.0,430.0,0.336
431.0,0.0,431.0,0.301
432.0,0.0,432.0,0.29
433.0,0.0,433.0,0.336
434.0,0.0,434.0,0.348
435.0,0.0,435.0,0.382
436.0,0.521,436.0,0.405
437.0,0.521,437.0,0.0695
438.0,1.04,438.0,0.0
439.0,0.521,439.0,0.0
440.0,1.04,440.0,0.0
441.0,0.521,441.0,0.0
442.0,0.0,442.0,0.0463
443.0,0.0,443.0,0.0
444.0,0.0,444.0,0.0
445.0,0.0,445.0,0.0
446.0,0.0,446.0,0.0
447.0,0.0,447.0,0.0
448.0,0.0,448.0,0.0
449.0,0.0,449.0,0.0116
450.0,0.0,450.0,0.243
451.0,0.0,451.0,0.255
452.0,0.0,452.0,0.232
453.0,0.0,453.0,0.232
454.0,0.0,454.0,0.197
455.0,0.0,455.0,0.174
456.0,0.0,456.0,0.174
457.0,0.0,457.0,0.185
458.0,0.0,458.0,0.162
459.0,0.0,459.0,0.139
460.0,0.0,460.0,0.139
461.0,0.0,461.0,0.197
462.0,0.0,462.0,0.22
463.0,0.0,463.0,0.348
464.0,0.0,464.0,0.116
465.0,0.521,465.0,0.0
466.0,0.0,466.0,0.0
467.0,0.521,467.0,0.0
468.0,0.0,468.0,0.0
469.0,0.521,469.0,0.0
470.0,0.0,470.0,0.0
471.0,1.04,471.0,0.0348
472.0,0.521,472.0,0.0116
473.0,0.0,473.0,0.0
474.0,0.0,474.0,0.0116
475.0,0.0,475.0,0.209
476.0,0.0,476.0,0.255
477.0,0.0,477.0,0.29
478.0,0.0,478.0,0.232
479.0,0.0,479.0,0.255
480.0,0.0,480.0,0.174
481.0,0.0,481.0,0.104
482.0,0.0,482.0,0.104
483.0,0.0,483.0,0.0695
484.0,0.521,484.0,0.0927
485.0,0.0,485.0,0.0695
486.0,0.521,486.0,0.162
487.0,0.0,487.0,0.116
488.0,0.0,488.0,0.0927
489.0,0.521,489.0,0.0
490.0,0.0,490.0,0.0
491.0,0.0,491.0,0.0
492.0,0.0,492.0,0.0
493.0,0.0,493.0,0.0
494.0,0.0,494.0,0.0
495.0,0.521,495.0,0.0
496.0,0.0,496.0,0.0
497.0,0.0,497.0,0.0
498.0,0.0,498.0,0.0
499.0,0.0,499.0,0.0348
500.0,0.0,500.0,0.0
501.0,0.521,501.0,0.127
502.0,0.0,502.0,0.324
503.0,0.521,503.0,0.475
504.0,0.521,504.0,0.475
505.0,0.521,505.0,0.44
506.0,0.0,506.0,0.324
507.0,0.521,507.0,0.209
508.0,0.0,508.0,0.139
509.0,0.0,509.0,0.0579
510.0,0.0,510.0,0.0579
511.0,0.0,511.0,0.0463
512.0,0.0,512.0,0.0116
513.0,0.0,513.0,0.0
514.0,0.0,514.0,0.0
515.0,0.0,515.0,0.0
516.0,0.0,516.0,0.0
517.0,0.521,517.0,0.0348
518.0,0.0,518.0,0.0
519.0,0.0,519.0,0.0
520.0,0.0,520.0,0.0116
521.0,0.0,521.0,0.0
522.0,0.0,522.0,0.0
523.0,0.0,523.0,0.0
524.0,0.0,524.0,0.0
525.0,0.0,525.0,0.0
526.0,0.0,526.0,0.0
527.0,0.0,527.0,0.0
528.0,0.0,528.0,0.185
529.0,0.0,529.0,0.324
530.0,0.0,530.0,0.394
531.0,0.0,531.0,0.359
532.0,0.0,532.0,0.405
533.0,0.0,533.0,0.405
534.0,0.0,534.0,0.452
535.0,0.0,535.0,0.452
536.0,0.0,536.0,0.463
537.0,0.0,537.0,0.487
538.0,0.0,538.0,0.498
539.0,2.09,539.0,0.371
540.0,0.521,540.0,0.348
541.0,0.0,541.0,0.417
542.0,0.0,542.0,0.382
543.0,0.521,543.0,0.359
544.0,0.0,544.0,0.382
545.0,0.0,545.0,0.301
546.0,0.0,546.0,0.29
547.0,0.521,547.0,0.278
548.0,0.0,548.0,0.417
549.0,0.0,549.0,0.394
550.0,0.521,550.0,0.382
551.0,0.0,551.0,0.162
552.0,0.521,552.0,0.116
553.0,0.521,553.0,0.139
554.0,0.521,554.0,0.209
555.0,0.0,555.0,0.174
556.0,0.521,556.0,0.0348
557.0,0.521,557.0,0.0
558.0,0.521,558.0,0.0
559.0,1.04,559.0,0.0
560.0,0.0,560.0,0.0
561.0,0.521,561.0,0.0
562.0,0.521,562.0,0.0116
563.0,0.0,563.0,0.0348
564.0,0.0,564.0,0.0
565.0,0.0,565.0,0.0
566.0,0.0,566.0,0.0
567.0,0.0,567.0,0.0
568.0,0.0,568.0,0.0
569.0,0.0,569.0,0.0
570.0,0.0,570.0,0.0
571.0,0.0,571.0,0.0
572.0,0.0,572.0,0.0
573.0,0.0,573.0,0.0
574.0,0.0,574.0,0.0579
575.0,0.0,575.0,0.405
576.0,0.0,576.0,0.359
577.0,0.0,577.0,0.313
578.0,0.0,578.0,0.336
579.0,0.0,579.0,0.382
580.0,0.0,580.0,0.429
581.0,0.0,581.0,0.382
582.0,0.0,582.0,0.266
583.0,0.0,583.0,0.324
584.0,0.0,584.0,0.324
585.0,0.0,585.0,0.348
586.0,0.0,586.0,0.498
587.0,0.0,587.0,0.394
588.0,0.0,588.0,0.162
589.0,0.0,589.0,0.0
590.0,1.04,590.0,0.0
591.0,1.56,591.0,0.0
592.0,0.521,592.0,0.0
593.0,1.04,593.0,0.0
594.0,0.521,594.0,0.0
595.0,0.521,595.0,0.0463
596.0,0.0,596.0,0.0
597.0,0.0,597.0,0.0
598.0,0.0,598.0,0.0
599.0,0.0,599.0,0.116
600.0,0.0,600.0,0.266
601.0,0.0,601.0,0.313
602.0,0.0,602.0,0.359
603.0,0.0,603.0,0.278
604.0,0.0,604.0,0.266
605.0,0.0,605.0,0.313
606.0,0.0,606.0,0.29
607.0,0.0,607.0,0.324
608.0,0.0,608.0,0.301
609.0,0.0,609.0,0.313
610.0,0.0,610.0,0.417
611.0,0.0,611.0,0.313
612.0,0.0,612.0,0.382
613.0,0.0,613.0,0.348
614.0,0.0,614.0,0.382
615.0,0.0,615.0,0.0463
616.0,0.0,616.0,0.0
617.0,0.0,617.0,0.0
618.0,0.0,618.0,0.0
619.0,0.0,619.0,0.0
620.0,0.0,620.0,0.0
621.0,0.0,621.0,0.0
622.0,0.521,622.0,0.0
623.0,0.521,623.0,0.0
624.0,0.521,624.0,0.0
625.0,1.04,625.0,0.0
626.0,1.04,626.0,0.0
627.0,1.56,627.0,0.0
628.0,0.0,628.0,0.0
629.0,0.0,629.0,0.0463
630.0,0.0,630.0,0.0
631.0,0.0,631.0,0.0
632.0,0.0,632.0,0.0
633.0,0.0,633.0,0.0
634.0,0.0,634.0,0.0
635.0,0.0,635.0,0.0
636.0,0.0,636.0,0.232
637.0,0.0,637.0,0.278
638.0,0.0,638.0,0.266
639.0,0.0,639.0,0.266
640.0,0.0,640.0,0.29
641.0,0.0,641.0,0.301
642.0,0.0,642.0,0.301
643.0,0.0,643.0,0.336
644.0,0.0,644.0,0.382
645.0,0.0,645.0,0.382
646.0,0.0,646.0,0.371
647.0,0.0,647.0,0.417
648.0,0.0,648.0,0.475
649.0,0.0,649.0,0.521
650.0,0.0,650.0,0.336
651.0,0.0,651.0,0.0
652.0,0.0,652.0,0.0
653.0,0.0,653.0,0.0
654.0,0.0,654.0,0.0
655.0,0.521,655.0,0.0
656.0,0.521,656.0,0.0
657.0,0.0,657.0,0.0
658.0,0.521,658.0,0.0
659.0,0.0,659.0,0.0
660.0,0.0,660.0,0.0
661.0,0.521,661.0,0.0
662.0,0.0,662.0,0.0
663.0,0.0,663.0,0.0
664.0,0.521,664.0,0.0
665.0,0.521,665.0,0.0
666.0,0.0,666.0,0.0
667.0,1.04,667.0,0.0116
668.0,1.04,668.0,0.0348
669.0,0.0,669.0,0.0
670.0,0.0,670.0,0.0116
671.0,0.0,671.0,0.197
672.0,0.0,672.0,0.232
673.0,0.0,673.0,0.243
674.0,0.0,674.0,0.266
675.0,0.0,675.0,0.324
676.0,0.0,676.0,0.324
677.0,0.0,677.0,0.301
678.0,0.0,678.0,0.301
679.0,0.0,679.0,0.394
680.0,0.521,680.0,0.417
681.0,0.521,681.0,0.243
682.0,0.0,682.0,0.209
683.0,0.521,683.0,0.209
684.0,0.521,684.0,0.127
685.0,0.0,685.0,0.0
686.0,0.521,686.0,0.0
687.0,0.521,687.0,0.0
688.0,0.521,688.0,0.0
689.0,0.0,689.0,0.0
690.0,0.0,690.0,0.0
691.0,0.0,691.0,0.0
692.0,0.0,692.0,0.0
693.0,0.0,693.0,0.0463
694.0,0.0,694.0,0.0
695.0,0.0,695.0,0.174
696.0,0.0,696.0,0.266
697.0,0.0,697.0,0.313
698.0,0.521,698.0,0.255
699.0,0.0,699.0,0.255
700.0,0.521,700.0,0.243
701.0,0.0,701.0,0.209
702.0,0.0,702.0,0.174
703.0,0.0,703.0,0.174
704.0,0.0,704.0,0.209
705.0,0.521,705.0,0.209
706.0,0.0,706.0,0.22
707.0,0.0,707.0,0.116
708.0,0.521,708.0,0.0927
709.0,0.0,709.0,0.0695
710.0,0.521,710.0,0.104
711.0,0.0,711.0,0.0927
712.0,0.0,712.0,0.116
713.0,0.0,713.0,0.104
714.0,0.0,714.0,0.0
715.0,0.0,715.0,0.0
716.0,0.521,716.0,0.0
717.0,0.0,717.0,0.0
718.0,0.0,718.0,0.0
719.0,0.0,719.0,0.0
720.0,0.0,720.0,0.0
721.0,0.0,721.0,0.0463
722.0,0.0,722.0,0.0
723.0,0.521,723.0,0.0
724.0,0.0,724.0,0.0
725.0,0.0,725.0,0.209
726.0,0.0,726.0,0.255
727.0,0.0,727.0,0.209
728.0,0.0,728.0,0.278
729.0,0.0,729.0,0.324
730.0,0.0,730.0,0.266
731.0,0.0,731.0,0.22
732.0,0.0,732.0,0.22
733.0,0.521,733.0,0.255
734.0,0.0,734.0,0.185
735.0,0.0,735.0,0.162
736.0,0.0,736.0,0.127
737.0,0.0,737.0,0.174
738.0,0.521,738.0,0.22
739.0,0.0,739.0,0.22
740.0,0.521,740.0,0.22
741.0,0.0,741.0,0.243
742.0,0.521,742.0,0.139
743.0,0.0,743.0,0.0
744.0,0.0,744.0,0.0
745.0,0.521,745.0,0.0
746.0,0.0,746.0,0.0
747.0,0.521,747.0,0.0
748.0,0.521,748.0,0.0
749.0,0.0,749.0,0.0116
750.0,0.0,750.0,0.0579
751.0,0.0,751.0,0.22
752.0,0.521,752.0,0.255
753.0,0.0,753.0,0.278
754.0,0.0,754.0,0.197
755.0,0.521,755.0,0.127
756.0,0.0,756.0,0.127
757.0,0.0,757.0,0.104
758.0,0.0,758.0,0.0463
759.0,0.0,759.0,0.0927
760.0,0.0,760.0,0.0695
761.0,0.0,761.0,0.116
762.0,0.0,762.0,0.0116
763.0,0.521,763.0,0.0
764.0,0.0,764.0,0.0
765.0,0.0,765.0,0.0
766.0,0.0,766.0,0.0116
767.0,0.0,767.0,0.0348
768.0,0.0,768.0,0.0
769.0,0.0,769.0,0.0
770.0,0.0,770.0,0.0
771.0,0.0,771.0,0.0
772.0,0.0,772.0,0.0
773.0,0.0,773.0,0.0
774.0,0.0,774.0,0.0
775.0,0.0,775.0,0.0
776.0,0.0,776.0,0.0
777.0,0.0,777.0,0.197
778.0,0.0,778.0,0.185
779.0,0.0,779.0,0.185
780.0,0.0,780.0,0.174
781.0,0.0,781.0,0.197
782.0,0.0,782.0,0.22
783.0,0.0,783.0,0.313
784.0,0.521,784.0,0.278
785.0,0.0,785.0,0.266
786.0,0.0,786.0,0.243
787.0,0.0,787.0,0.313
788.0,0.521,788.0,0.336
789.0,0.0,789.0,0.324
790.0,0.0,790.0,0.22
791.0,0.0,791.0,0.185
792.0,0.521,792.0,0.162
793.0,0.521,793.0,0.0
794.0,0.521,794.0,0.0
795.0,0.521,795.0,0.0
796.0,0.0,796.0,0.0
797.0,0.521,797.0,0.0
798.0,0.0,798.0,0.0
799.0,0.521,799.0,0.0
800.0,0.0,800.0,0.0
801.0,0.0,801.0,0.0116
802.0,0.0,802.0,0.0348
803.0,0.0,803.0,0.0
804.0,0.0,804.0,0.0
805.0,0.0,805.0,0.0
806.0,0.0,806.0,0.0
807.0,0.0,807.0,0.0
808.0,0.0,808.0,0.0232
809.0,0.0,809.0,0.209
810.0,0.0,810.0,0.22
811.0,0.0,811.0,0.266
812.0,0.0,812.0,0.197
813.0,0.0,813.0,0.197
814.0,0.0,814.0,0.243
815.0,0.0,815.0,0.255
816.0,0.0,816.0,0.162
817.0,0.0,817.0,0.151
818.0,0.0,818.0,0.116
819.0,0.0,819.0,0.104
820.0,0.0,820.0,0.127
821.0,0.0,821.0,0.116
822.0,0.0,822.0,0.139
823.0,0.0,823.0,0.174
824.0,0.0,824.0,0.139
825.0,0.0,825.0,0.209
826.0,0.521,826.0,0.359
827.0,0.0,827.0,0.371
828.0,0.521,828.0,0.197
829.0,0.0,829.0,0.0116
830.0,0.521,830.0,0.0
831.0,0.0,831.0,0.0
832.0,0.521,832.0,0.0
833.0,0.521,833.0,0.0
834.0,0.521,834.0,0.0
835.0,0.521,835.0,0.0
836.0,0.521,836.0,0.0
837.0,0.0,837.0,0.0116
838.0,0.0,838.0,0.0348
839.0,0.0,839.0,0.324
840.0,0.0,840.0,0.382
841.0,0.0,841.0,0.197
842.0,0.521,842.0,0.151
843.0,0.0,843.0,0.22
844.0,0.0,844.0,0.139
845.0,0.0,845.0,0.104
846.0,0.0,846.0,0.162
847.0,0.0,847.0,0.127
848.0,0.521,848.0,0.0579
849.0,0.0,849.0,0.0
850.0,0.0,850.0,0.0232
851.0,0.0,851.0,0.0
852.0,0.0,852.0,0.0232
853.0,0.0,853.0,0.0
854.0,0.0,854.0,0.0
855.0,0.0,855.0,0.0
856.0,0.521,856.0,0.0
857.0,0.0,857.0,0.0
858.0,0.0,858.0,0.0116
859.0,0.0,859.0,0.0348
860.0,0.0,860.0,0.116
861.0,0.0,861.0,0.232
862.0,0.521,862.0,0.255
863.0,0.0,863.0,0.162
864.0,0.0,864.0,0.174
865.0,0.521,865.0,0.174
866.0,0.0,866.0,0.139
867.0,0.0,867.0,0.139
868.0,0.0,868.0,0.116
869.0,0.0,869.0,0.0811
870.0,0.0,870.0,0.0579
871.0,0.0,871.0,0.0463
872.0,0.0,872.0,0.0348
873.0,0.521,873.0,0.0348
874.0,0.0,874.0,0.0116
875.0,0.0,875.0,0.0
876.0,0.0,876.0,0.0
877.0,0.0,877.0,0.0
878.0,0.521,878.0,0.0
879.0,0.0,879.0,0.0
880.0,0.0,880.0,0.0
881.0,0.0,881.0,0.0232
882.0,0.0,882.0,0.0232
883.0,0.0,883.0,0.0
884.0,0.0,884.0,0.0
885.0,0.0,885.0,0.0
886.0,0.0,886.0,0.0
887.0,0.0,887.0,0.127
888.0,0.0,888.0,0.232
889.0,0.0,889.0,0.255
890.0,0.0,890.0,0.22
891.0,0.0,891.0,0.197
892.0,0.0,892.0,0.209
893.0,0.0,893.0,0.185
894.0,0.0,894.0,0.22
895.0,0.0,895.0,0.278
896.0,0.0,896.0,0.255
897.0,0.0,897.0,0.29
898.0,0.0,898.0,0.232
899.0,0.0,899.0,0.209
900.0,0.0,900.0,0.185
901.0,0.521,901.0,0.232
902.0,0.521,902.0,0.162
903.0,0.521,903.0,0.0927
904.0,0.521,904.0,0.0
905.0,0.521,905.0,0.0
906.0,0.0,906.0,0.0
907.0,0.521,907.0,0.0
908.0,0.0,908.0,0.0
909.0,0.0,909.0,0.0
910.0,0.521,910.0,0.0
911.0,0.0,911.0,0.0
912.0,0.0,912.0,0.0463
913.0,0.0,913.0,0.0
914.0,0.0,914.0,0.0
915.0,0.0,915.0,0.0
916.0,0.0,916.0,0.0
917.0,0.0,917.0,0.162
918.0,0.0,918.0,0.139
919.0,0.0,919.0,0.116
920.0,0.0,920.0,0.139
921.0,0.0,921.0,0.127
922.0,0.0,922.0,0.151
923.0,0.0,923.0,0.116
924.0,0.0,924.0,0.116
925.0,0.0,925.0,0.151
926.0,0.0,926.0,0.243
927.0,0.0,927.0,0.243
928.0,0.0,928.0,0.278
929.0,0.0,929.0,0.417
930.0,0.521,930.0,0.197
931.0,0.521,931.0,0.0
932.0,0.521,932.0,0.0
933.0,1.04,933.0,0.0463
934.0,0.0,934.0,0.0
935.0,0.0,935.0,0.0
936.0,0.0,936.0,0.0
937.0,0.0,937.0,0.0927
938.0,0.0,938.0,0.127
939.0,0.0,939.0,0.116
940.0,0.0,940.0,0.139
941.0,0.0,941.0,0.116
942.0,0.0,942.0,0.151
943.0,0.0,943.0,0.104
944.0,0.0,944.0,0.116
945.0,0.0,945.0,0.116
946.0,0.0,946.0,0.197
947.0,0.0,947.0,0.185
948.0,0.0,948.0,0.162
949.0,0.0,949.0,0.162
950.0,0.0,950.0,0.116
951.0,0.0,951.0,0.127
952.0,0.0,952.0,0.0348
953.0,0.0,953.0,0.0
954.0,0.0,954.0,0.0
955.0,0.0,955.0,0.0
956.0,0.521,956.0,0.0
957.0,0.521,957.0,0.0
958.0,1.04,958.0,0.0463
959.0,0.0,959.0,0.0
960.0,0.0,960.0,0.0
961.0,0.0,961.0,0.0811
962.0,0.0,962.0,0.151
963.0,0.0,963.0,0.197
964.0,0.0,964.0,0.197
965.0,0.0,965.0,0.162
966.0,0.0,966.0,0.174
967.0,0.0,967.0,0.139
968.0,0.0,968.0,0.104
969.0,0.0,969.0,0.127
970.0,0.0,970.0,0.197
971.0,0.0,971.0,0.22
972.0,0.0,972.0,0.266
973.0,0.521,973.0,0.0463
974.0,0.0,974.0,0.0
975.0,0.0,975.0,0.0
976.0,0.0,976.0,0.0
977.0,0.0,977.0,0.0
978.0,0.0,978.0,0.0
979.0,0.521,979.0,0.0
980.0,0.521,980.0,0.0
981.0,0.521,981.0,0.0
982.0,0.0,982.0,0.0116
983.0,0.0,983.0,0.0348
984.0,0.0,984.0,0.0
985.0,0.0,985.0,0.0
986.0,0.0,986.0,0.0116
987.0,0.0,987.0,0.185
988.0,0.0,988.0,0.185
989.0,0.0,989.0,0.22
990.0,0.0,990.0,0.255
991.0,0.0,991.0,0.232
992.0,0.0,992.0,0.278
993.0,0.0,993.0,0.301
994.0,0.0,994.0,0.29
995.0,0.0,995.0,0.243
996.0,0.0,996.0,0.162
997.0,0.0,997.0,0.151
998.0,0.521,998.0,0.174
999.0,1.04,999.0,0.162
1000.0,0.0,1000.0,0.0
1001.0,0.521,1001.0,0.0
1002.0,0.0,1002.0,0.0
1003.0,0.521,1003.0,0.0
1004.0,0.0,1004.0,0.0463
1005.0,0.0,1005.0,0.0
1006.0,0.0,1006.0,0.0
1007.0,0.0,1007.0,0.0811
1008.0,0.0,1008.0,0.197
1009.0,0.0,1009.0,0.197
1010.0,0.0,1010.0,0.151
1011.0,0.0,1011.0,0.151
1012.0,0.0,1012.0,0.151
1013.0,0.0,1013.0,0.151
1014.0,0.0,1014.0,0.139
1015.0,0.0,1015.0,0.139
1016.0,0.0,1016.0,0.116
1017.0,0.0,1017.0,0.116
1018.0,0.0,1018.0,0.0348
1019.0,0.521,1019.0,0.0695
1020.0,0.0,1020.0,0.0348
1021.0,0.0,1021.0,0.0232
1022.0,0.521,1022.0,0.0348
1023.0,0.0,1023.0,0.0463
1024.0,0.521,1024.0,0.0
1025.0,0.0,1025.0,0.0
1026.0,0.521,1026.0,0.0
1027.0,0.0,1027.0,0.0116
1028.0,0.0,1028.0,0.0348
1029.0,0.0,1029.0,0.0348
1030.0,0.0,1030.0,0.22
1031.0,0.0,1031.0,0.197
1032.0,0.521,1032.0,0.232
1033.0,0.0,1033.0,0.0811
1034.0,0.0,1034.0,0.0695
1035.0,0.0,1035.0,0.0695
1036.0,0.0,1036.0,0.0463
1037.0,0.0,1037.0,0.0232
1038.0,0.0,1038.0,0.0348
1039.0,0.0,1039.0,0.0
1040.0,0.0,1040.0,0.0232
1041.0,0.521,1041.0,0.0232
1042.0,0.0,1042.0,0.0579
1043.0,0.0,1043.0,0.0579
1044.0,0.0,1044.0,0.0
1045.0,0.0,1045.0,0.0
1046.0,0.0,1046.0,0.0
1047.0,0.0,1047.0,0.116
1048.0,0.521,1048.0,0.232
1049.0,0.0,1049.0,0.209
1050.0,0.0,1050.0,0.116
1051.0,0.0,1051.0,0.0927
1052.0,0.0,1052.0,0.0348
1053.0,0.0,1053.0,0.0348
1054.0,0.521,1054.0,0.0463
1055.0,0.0,1055.0,0.0348
1056.0,0.0,1056.0,0.0232
1057.0,0.0,1057.0,0.0
1058.0,0.0,1058.0,0.0232
1059.0,0.0,1059.0,0.0
1060.0,0.0,1060.0,0.0232
1061.0,0.0,1061.0,0.0
1062.0,0.0,1062.0,0.0
1063.0,0.0,1063.0,0.0116
1064.0,0.0,1064.0,0.0116
1065.0,0.0,1065.0,0.0463
1066.0,0.0,1066.0,0.139
1067.0,0.0,1067.0,0.162
1068.0,0.0,1068.0,0.197
1069.0,0.0,1069.0,0.127
1070.0,0.0,1070.0,0.116
1071.0,0.0,1071.0,0.116
1072.0,0.0,1072.0,0.127
1073.0,0.0,1073.0,0.197
1074.0,0.0,1074.0,0.266
1075.0,0.0,1075.0,0.278
1076.0,0.0,1076.0,0.29
1077.0,0.521,1077.0,0.29
1078.0,0.0,1078.0,0.232
1079.0,0.521,1079.0,0.0116
1080.0,0.521,1080.0,0.0
1081.0,0.521,1081.0,0.0
1082.0,0.0,1082.0,0.0
1083.0,0.521,1083.0,0.0116
1084.0,0.0,1084.0,0.0348
1085.0,0.0,1085.0,0.0
1086.0,0.0,1086.0,0.0
1087.0,0.0,1087.0,0.0116
1088.0,0.0,1088.0,0.127
1089.0,0.0,1089.0,0.104
1090.0,0.0,1090.0,0.139
1091.0,0.0,1091.0,0.127
1092.0,0.0,1092.0,0.116
1093.0,0.0,1093.0,0.162
1094.0,0.0,1094.0,0.185
1095.0,0.0,1095.0,0.174
1096.0,0.0,1096.0,0.127
1097.0,0.0,1097.0,0.162
1098.0,0.0,1098.0,0.22
1099.0,0.521,1099.0,0.209
1100.0,0.0,1100.0,0.162
1101.0,0.521,1101.0,0.185
1102.0,0.0,1102.0,0.0811
1103.0,0.521,1103.0,0.0
1104.0,0.0,1104.0,0.0
1105.0,0.521,1105.0,0.0
1106.0,0.521,1106.0,0.0
1107.0,0.0,1107.0,0.0463
1108.0,0.0,1108.0,0.0
1109.0,0.0,1109.0,0.0
1110.0,0.0,1110.0,0.0
1111.0,0.0,1111.0,0.0927
1112.0,0.0,1112.0,0.185
1113.0,0.0,1113.0,0.174
1114.0,0.0,1114.0,0.139
1115.0,0.0,1115.0,0.185
1116.0,0.0,1116.0,0.209
1117.0,0.0,1117.0,0.139
1118.0,0.0,1118.0,0.162
1119.0,0.0,1119.0,0.185
1120.0,0.0,1120.0,0.243
1121.0,0.521,1121.0,0.116
1122.0,0.0,1122.0,0.0
1123.0,0.521,1123.0,0.0
1124.0,0.0,1124.0,0.0
1125.0,0.521,1125.0,0.0
1126.0,0.0,1126.0,0.0232
1127.0,0.0,1127.0,0.0232
1128.0,0.0,1128.0,0.0
1129.0,0.0,1129.0,0.0
1130.0,0.0,1130.0,0.0
1131.0,0.0,1131.0,0.0
1132.0,0.0,1132.0,0.0811
1133.0,0.0,1133.0,0.116
1134.0,0.0,1134.0,0.116
1135.0,0.0,1135.0,0.116
1136.0,0.0,1136.0,0.127
1137.0,0.0,1137.0,0.127
1138.0,0.0,1138.0,0.185
1139.0,0.0,1139.0,0.22
1140.0,0.0,1140.0,0.232
1141.0,0.0,1141.0,0.185
1142.0,0.0,1142.0,0.151
1143.0,0.0,1143.0,0.116
1144.0,0.0,1144.0,0.127
1145.0,0.521,1145.0,0.22
1146.0,0.0,1146.0,0.0116
1147.0,0.521,1147.0,0.0
1148.0,0.0,1148.0,0.0
1149.0,0.521,1149.0,0.0
1150.0,0.0,1150.0,0.0
1151.0,0.0,1151.0,0.0
1152.0,0.521,1152.0,0.0
1153.0,0.521,1153.0,0.0
1154.0,0.0,1154.0,0.0463
1155.0,0.0,1155.0,0.0
1156.0,0.0,1156.0,0.0
1157.0,0.0,1157.0,0.0579
1158.0,0.0,1158.0,0.104
1159.0,0.0,1159.0,0.116
1160.0,0.0,1160.0,0.127
1161.0,0.0,1161.0,0.127
1162.0,0.0,1162.0,0.116
1163.0,0.0,1163.0,0.139
1164.0,0.0,1164.0,0.116
1165.0,0.0,1165.0,0.127
1166.0,0.0,1166.0,0.127
1167.0,0.0,1167.0,0.139
1168.0,0.0,1168.0,0.139
1169.0,0.0,1169.0,0.0695
1170.0,0.0,1170.0,0.0463
1171.0,0.0,1171.0,0.0
1172.0,1.04,1172.0,0.0
1173.0,0.0,1173.0,0.0
1174.0,0.521,1174.0,0.0579
1175.0,0.0,1175.0,0.127
1176.0,0.0,1176.0,0.174
1177.0,0.0,1177.0,0.151
1178.0,0.0,1178.0,0.151
1179.0,0.521,1179.0,0.174
1180.0,0.0,1180.0,0.139
1181.0,0.0,1181.0,0.162
1182.0,0.0,1182.0,0.0695
1183.0,0.0,1183.0,0.0811
1184.0,0.0,1184.0,0.0811
1185.0,0.0,1185.0,0.0579
1186.0,0.521,1186.0,0.0116
1187.0,0.0,1187.0,0.0
1188.0,0.0,1188.0,0.0
1189.0,0.0,1189.0,0.0
1190.0,0.0,1190.0,0.0
1191.0,0.0,1191.0,0.0116
1192.0,0.0,1192.0,0.0348
1193.0,0.0,1193.0,0.0
1194.0,0.0,1194.0,0.0
1195.0,0.0,1195.0,0.0232
1196.0,0.0,1196.0,0.174
1197.0,0.0,1197.0,0.185
1198.0,0.0,1198.0,0.151
1199.0,0.0,1199.0,0.162
1200.0,0.0,1200.0,0.162
1201.0,0.521,1201.0,0.127
1202.0,0.0,1202.0,0.0927
1203.0,0.0,1203.0,0.0811
1204.0,0.0,1204.0,0.0927
1205.0,0.0,1205.0,0.116
1206.0,0.0,1206.0,0.127
1207.0,0.0,1207.0,0.185
1208.0,0.0,1208.0,0.255
1209.0,0.0,1209.0,0.278
1210.0,0.0,1210.0,0.139
1211.0,0.521,1211.0,0.0
1212.0,0.521,1212.0,0.0
1213.0,0.521,1213.0,0.0
1214.0,0.521,1214.0,0.0
1215.0,0.0,1215.0,0.0463
1216.0,0.0,1216.0,0.0
1217.0,0.0,1217.0,0.0
1218.0,0.0,1218.0,0.0
1219.0,0.0,1219.0,0.0
1220.0,0.0,1220.0,0.0116
1221.0,0.0,1221.0,0.151
1222.0,0.0,1222.0,0.151
1223.0,0.0,1223.0,0.209
1224.0,0.0,1224.0,0.278
1225.0,0.0,1225.0,0.22
1226.0,0.0,1226.0,0.209
1227.0,0.0,1227.0,0.116
1228.0,0.0,1228.0,0.104
1229.0,0.521,1229.0,0.104
1230.0,0.0,1230.0,0.104
1231.0,0.0,1231.0,0.104
1232.0,0.0,1232.0,0.139
1233.0,0.0,1233.0,0.197
1234.0,0.0,1234.0,0.29
1235.0,0.0,1235.0,0.382
1236.0,0.0,1236.0,0.243
1237.0,0.0,1237.0,0.151
1238.0,0.0,1238.0,0.0695
1239.0,0.0,1239.0,0.0579
1240.0,0.521,1240.0,0.0695
1241.0,0.0,1241.0,0.104
1242.0,0.521,1242.0,0.0116
1243.0,0.521,1243.0,0.0
1244.0,0.521,1244.0,0.0
1245.0,0.521,1245.0,0.0
1246.0,0.0,1246.0,0.0
1247.0,0.0,1247.0,0.0
1248.0,0.521,1248.0,0.0
1249.0,0.0,1249.0,0.0116
1250.0,0.0,1250.0,0.0348
1251.0,0.0,1251.0,0.0116
1252.0,0.0,1252.0,0.104
1253.0,0.0,1253.0,0.104
1254.0,0.0,1254.0,0.116
1255.0,0.0,1255.0,0.116
1256.0,0.0,1256.0,0.104
1257.0,0.0,1257.0,0.104
1258.0,0.0,1258.0,0.0811
1259.0,0.0,1259.0,0.116
1260.0,0.0,1260.0,0.139
1261.0,0.0,1261.0,0.127
1262.0,0.0,1262.0,0.0811
1263.0,0.0,1263.0,0.0811
1264.0,0.0,1264.0,0.0927
1265.0,0.0,1265.0,0.139
1266.0,0.0,1266.0,0.139
1267.0,0.0,1267.0,0.162
1268.0,0.0,1268.0,0.232
1269.0,0.0,1269.0,0.0695
1270.0,0.0,1270.0,0.0
1271.0,0.521,1271.0,0.0
1272.0,0.521,1272.0,0.0
1273.0,0.521,1273.0,0.0
1274.0,0.521,1274.0,0.0
1275.0,0.0,1275.0,0.0463
1276.0,0.0,1276.0,0.0927
1277.0,0.0,1277.0,0.324
1278.0,0.0,1278.0,0.197
1279.0,0.0,1279.0,0.139
1280.0,0.0,1280.0,0.139
1281.0,0.0,1281.0,0.185
1282.0,0.0,1282.0,0.127
1283.0,0.0,1283.0,0.127
1284.0,0.0,1284.0,0.127
1285.0,0.0,1285.0,0.0579
1286.0,0.521,1286.0,0.0927
1287.0,0.0,1287.0,0.0116
1288.0,0.521,1288.0,0.0
1289.0,0.521,1289.0,0.0
1290.0,0.0,1290.0,0.0
1291.0,0.0,1291.0,0.0
1292.0,0.0,1292.0,0.0
1293.0,0.0,1293.0,0.0348
1294.0,0.0,1294.0,0.0116
1295.0,0.0,1295.0,0.0
1296.0,0.0,1296.0,0.0
1297.0,0.0,1297.0,0.0
1298.0,0.0,1298.0,0.0232
1299.0,0.0,1299.0,0.162
1300.0,0.0,1300.0,0.162
1301.0,0.0,1301.0,0.209
1302.0,0.0,1302.0,0.301
1303.0,0.0,1303.0,0.336
1304.0,0.521,1304.0,0.151
1305.0,0.521,1305.0,0.151
1306.0,0.0,1306.0,0.151
1307.0,0.0,1307.0,0.139
1308.0,0.0,1308.0,0.162
1309.0,0.0,1309.0,0.174
1310.0,0.0,1310.0,0.209
1311.0,0.0,1311.0,0.278
1312.0,0.0,1312.0,0.162
1313.0,0.0,1313.0,0.139
1314.0,0.521,1314.0,0.116
1315.0,0.0,1315.0,0.162
1316.0,0.521,1316.0,0.104
1317.0,0.521,1317.0,0.0
1318.0,0.521,1318.0,0.0
1319.0,0.0,1319.0,0.0463
1320.0,0.521,1320.0,0.162
1321.0,0.0,1321.0,0.197
1322.0,0.0,1322.0,0.162
1323.0,0.0,1323.0,0.151
1324.0,0.0,1324.0,0.151
1325.0,0.521,1325.0,0.127
1326.0,0.0,1326.0,0.0579
1327.0,0.0,1327.0,0.0927
1328.0,0.0,1328.0,0.0927
1329.0,0.0,1329.0,0.0463
1330.0,0.0,1330.0,0.0348
1331.0,0.0,1331.0,0.0
1332.0,0.521,1332.0,0.0
1333.0,0.0,1333.0,0.0
1334.0,0.0,1334.0,0.0348
1335.0,0.0,1335.0,0.0116
1336.0,0.0,1336.0,0.0
1337.0,0.0,1337.0,0.0
1338.0,0.0,1338.0,0.0
1339.0,0.0,1339.0,0.127
1340.0,0.0,1340.0,0.162
1341.0,0.0,1341.0,0.139
1342.0,0.0,1342.0,0.139
1343.0,0.0,1343.0,0.139
1344.0,0.521,1344.0,0.127
1345.0,0.0,1345.0,0.116
1346.0,0.0,1346.0,0.104
1347.0,0.0,1347.0,0.151
1348.0,0.0,1348.0,0.185
1349.0,0.0,1349.0,0.185
1350.0,0.0,1350.0,0.151
1351.0,0.521,1351.0,0.162
1352.0,0.0,1352.0,0.0811
1353.0,0.0,1353.0,0.243
1354.0,0.521,1354.0,0.255
1355.0,0.0,1355.0,0.0
1356.0,0.0,1356.0,0.0
1357.0,0.521,1357.0,0.0
1358.0,0.521,1358.0,0.0232
1359.0,0.0,1359.0,0.0232
1360.0,0.0,1360.0,0.0
1361.0,0.0,1361.0,0.0
1362.0,0.0,1362.0,0.0
1363.0,0.0,1363.0,0.0116
1364.0,0.0,1364.0,0.116
1365.0,0.0,1365.0,0.151
1366.0,0.0,1366.0,0.127
1367.0,0.0,1367.0,0.127
1368.0,0.0,1368.0,0.116
1369.0,0.0,1369.0,0.116
1370.0,0.0,1370.0,0.116
1371.0,0.0,1371.0,0.151
1372.0,0.0,1372.0,0.139
1373.0,0.0,1373.0,0.162
1374.0,0.0,1374.0,0.162
1375.0,0.0,1375.0,0.162
1376.0,0.0,1376.0,0.151
1377.0,0.521,1377.0,0.162
1378.0,0.0,1378.0,0.162
1379.0,0.0,1379.0,0.139
1380.0,0.0,1380.0,0.266
1381.0,0.521,1381.0,0.429
1382.0,0.0,1382.0,0.348
1383.0,1.04,1383.0,0.0695
1384.0,1.04,1384.0,0.0
1385.0,0.0,1385.0,0.0
1386.0,0.0,1386.0,0.0463
1387.0,0.0,1387.0,0.0
1388.0,0.0,1388.0,0.162
1389.0,0.0,1389.0,0.29
1390.0,0.0,1390.0,0.185
1391.0,0.0,1391.0,0.197
1392.0,0.0,1392.0,0.116
1393.0,0.0,1393.0,0.0927
1394.0,0.0,1394.0,0.104
1395.0,0.0,1395.0,0.0695
1396.0,0.0,1396.0,0.139
1397.0,0.0,1397.0,0.104
1398.0,0.521,1398.0,0.127
1399.0,0.0,1399.0,0.174
1400.0,0.0,1400.0,0.174
1401.0,0.0,1401.0,0.151
1402.0,0.521,1402.0,0.151
1403.0,0.521,1403.0,0.116
1404.0,1.04,1404.0,0.0579
1405.0,0.0,1405.0,0.255
1406.0,0.521,1406.0,0.313
1407.0,0.0,1407.0,0.255
1408.0,0.521,1408.0,0.22
1409.0,0.0,1409.0,0.151
1410.0,0.0,1410.0,0.116
1411.0,0.0,1411.0,0.127
1412.0,0.521,1412.0,0.0811
1413.0,0.0,1413.0,0.0695
1414.0,0.0,1414.0,0.0348
1415.0,0.0,1415.0,0.0695
1416.0,0.0,1416.0,0.0579
1417.0,0.0,1417.0,0.0
1418.0,0.0,1418.0,0.0
1419.0,0.0,1419.0,0.0
1420.0,0.0,1420.0,0.0348
1421.0,0.0,1421.0,0.0116
1422.0,0.0,1422.0,0.0
1423.0,0.0,1423.0,0.0
1424.0,0.0,1424.0,0.0
1425.0,0.0,1425.0,0.0
1426.0,0.521,1426.0,0.139
1427.0,0.0,1427.0,0.174
1428.0,0.0,1428.0,0.197
1429.0,0.0,1429.0,0.197
1430.0,0.0,1430.0,0.232
1431.0,0.0,1431.0,0.209
1432.0,0.0,1432.0,0.22
1433.0,0.0,1433.0,0.209
1434.0,0.0,1434.0,0.185
1435.0,0.0,1435.0,0.243
1436.0,0.521,1436.0,0.313
1437.0,0.521,1437.0,0.232
1438.0,0.521,1438.0,0.29
1439.0,0.521,1439.0,0.266
1440.0,0.521,1440.0,0.0
1441.0,0.521,1441.0,0.0
1442.0,0.0,1442.0,0.0
1443.0,0.0,1443.0,0.0463
1444.0,0.0,1444.0,0.0
1445.0,0.0,1445.0,0.0579
1446.0,0.0,1446.0,0.185
1447.0,0.0,1447.0,0.162
1448.0,0.0,1448.0,0.185
1449.0,0.0,1449.0,0.162
1450.0,0.0,1450.0,0.22
1451.0,0.0,1451.0,0.209
1452.0,0.0,1452.0,0.162
1453.0,0.0,1453.0,0.174
1454.0,0.0,1454.0,0.232
1455.0,0.0,1455.0,0.243
1456.0,0.0,1456.0,0.243
1457.0,0.0,1457.0,0.301
1458.0,0.0,1458.0,0.336
1459.0,0.521,1459.0,0.127
1460.0,0.521,1460.0,0.0
1461.0,0.521,1461.0,0.0
1462.0,0.521,1462.0,0.0116
1463.0,0.521,1463.0,0.0348
1464.0,0.0,1464.0,0.0695
1465.0,0.0,1465.0,0.185
1466.0,0.0,1466.0,0.197
1467.0,0.0,1467.0,0.185
1468.0,0.0,1468.0,0.197
1469.0,0.0,1469.0,0.209
1470.0,0.0,1470.0,0.185
1471.0,0.521,1471.0,0.0695
1472.0,0.0,1472.0,0.127
1473.0,0.0,1473.0,0.139
1474.0,0.521,1474.0,0.139
1475.0,0.0,1475.0,0.139
1476.0,0.0,1476.0,0.151
1477.0,0.0,1477.0,0.104
1478.0,0.521,1478.0,0.0348
1479.0,0.0,1479.0,0.0
1480.0,0.0,1480.0,0.0
1481.0,0.0,1481.0,0.0
1482.0,0.521,1482.0,0.0
1483.0,0.0,1483.0,0.0463
1484.0,0.521,1484.0,0.0116
1485.0,0.0,1485.0,0.266
1486.0,0.0,1486.0,0.266
1487.0,0.0,1487.0,0.243
1488.0,0.0,1488.0,0.22
1489.0,0.521,1489.0,0.22
1490.0,0.0,1490.0,0.232
1491.0,0.0,1491.0,0.209
1492.0,0.0,1492.0,0.174
1493.0,0.521,1493.0,0.151
1494.0,0.0,1494.0,0.127
1495.0,0.0,1495.0,0.151
1496.0,0.521,1496.0,0.174
1497.0,0.0,1497.0,0.127
1498.0,0.521,1498.0,0.116
1499.0,0.0,1499.0,0.0
1500.0,0.521,1500.0,0.0
1501.0,0.0,1501.0,0.0
1502.0,0.0,1502.0,0.0
1503.0,0.0,1503.0,0.0463
1504.0,0.0,1504.0,0.0
1505.0,0.0,1505.0,0.0
1506.0,0.0,1506.0,0.0348
1507.0,0.0,1507.0,0.22
1508.0,0.0,1508.0,0.266
1509.0,0.0,1509.0,0.29
1510.0,0.0,1510.0,0.278
1511.0,0.0,1511.0,0.255
1512.0,0.0,1512.0,0.243
1513.0,0.0,1513.0,0.232
1514.0,0.0,1514.0,0.266
1515.0,0.0,1515.0,0.348
1516.0,0.0,1516.0,0.324
1517.0,0.0,1517.0,0.301
1518.0,0.0,1518.0,0.0579
1519.0,0.0,1519.0,0.0
1520.0,0.521,1520.0,0.0
1521.0,0.0,1521.0,0.0
1522.0,0.521,1522.0,0.0
1523.0,1.04,1523.0,0.0
1524.0,1.04,1524.0,0.0116
1525.0,0.0,1525.0,0.0348
1526.0,0.0,1526.0,0.0
1527.0,0.0,1527.0,0.0
1528.0,0.0,1528.0,0.0811
1529.0,0.0,1529.0,0.209
1530.0,0.0,1530.0,0.243
1531.0,0.0,1531.0,0.197
1532.0,0.0,1532.0,0.174
1533.0,0.0,1533.0,0.197
1534.0,0.0,1534.0,0.197
1535.0,0.0,1535.0,0.151
1536.0,0.0,1536.0,0.162
1537.0,0.0,1537.0,0.22
1538.0,0.0,1538.0,0.162
1539.0,0.0,1539.0,0.174
1540.0,0.0,1540.0,0.185
1541.0,0.0,1541.0,0.197
1542.0,0.0,1542.0,0.139
1543.0,0.0,1543.0,0.104
1544.0,0.521,1544.0,0.104
1545.0,0.521,1545.0,0.139
1546.0,2.09,1546.0,0.0
1547.0,0.0,1547.0,0.0463
1548.0,0.0,1548.0,0.232
1549.0,0.0,1549.0,0.209
1550.0,0.0,1550.0,0.266
1551.0,0.0,1551.0,0.197
1552.0,0.0,1552.0,0.151
1553.0,0.0,1553.0,0.151
1554.0,0.521,1554.0,0.127
1555.0,0.0,1555.0,0.139
1556.0,0.0,1556.0,0.139
1557.0,0.521,1557.0,0.104
1558.0,0.0,1558.0,0.151
1559.0,0.0,1559.0,0.116
1560.0,0.521,1560.0,0.0695
1561.0,0.0,1561.0,0.151
1562.0,0.521,1562.0,0.0811
1563.0,0.0,1563.0,0.0
1564.0,0.0,1564.0,0.0463
1565.0,0.0,1565.0,0.0116
1566.0,0.0,1566.0,0.174
1567.0,0.0,1567.0,0.22
1568.0,0.0,1568.0,0.197
1569.0,0.0,1569.0,0.185
1570.0,0.0,1570.0,0.197
1571.0,0.0,1571.0,0.22
1572.0,0.0,1572.0,0.243
1573.0,0.0,1573.0,0.232
1574.0,0.0,1574.0,0.232
1575.0,0.521,1575.0,0.22
1576.0,0.521,1576.0,0.0695
1577.0,1.04,1577.0,0.278
1578.0,0.0,1578.0,0.0811
1579.0,0.521,1579.0,0.0
1580.0,0.0,1580.0,0.0463
1581.0,0.0,1581.0,0.0579
1582.0,0.0,1582.0,0.22
1583.0,0.0,1583.0,0.255
1584.0,0.0,1584.0,0.255
1585.0,0.0,1585.0,0.174
1586.0,0.0,1586.0,0.162
1587.0,0.0,1587.0,0.151
1588.0,0.0,1588.0,0.174
1589.0,0.0,1589.0,0.174
1590.0,0.521,1590.0,0.116
1591.0,0.0,1591.0,0.116
1592.0,0.521,1592.0,0.0927
1593.0,0.521,1593.0,0.104
1594.0,0.521,1594.0,0.0811
1595.0,0.0,1595.0,0.0
1596.0,0.0,1596.0,0.116
1597.0,0.521,1597.0,0.278
1598.0,0.0,1598.0,0.255
1599.0,0.521,1599.0,0.243
1600.0,0.0,1600.0,0.22
1601.0,0.0,1601.0,0.185
1602.0,0.0,1602.0,0.0927
1603.0,0.521,1603.0,0.139
1604.0,0.0,1604.0,0.0927
1605.0,0.0,1605.0,0.104
1606.0,0.0,1606.0,0.0695
1607.0,0.0,1607.0,0.0348
1608.0,0.521,1608.0,0.0
1609.0,0.0,1609.0,0.0463
1610.0,0.0,1610.0,0.0
1611.0,0.0,1611.0,0.0
1612.0,0.0,1612.0,0.151
1613.0,0.0,1613.0,0.209
1614.0,0.0,1614.0,0.162
1615.0,0.0,1615.0,0.174
1616.0,0.0,1616.0,0.197
1617.0,0.0,1617.0,0.174
1618.0,0.521,1618.0,0.127
1619.0,0.0,1619.0,0.185
1620.0,0.0,1620.0,0.185
1621.0,0.0,1621.0,0.185
1622.0,0.521,1622.0,0.104
1623.0,0.0,1623.0,0.104
1624.0,0.0,1624.0,0.0811
1625.0,0.521,1625.0,0.139
1626.0,0.0,1626.0,0.162
1627.0,0.521,1627.0,0.197
1628.0,0.0,1628.0,0.0116
1629.0,0.521,1629.0,0.0232
1630.0,0.0,1630.0,0.0232
1631.0,0.0,1631.0,0.104
1632.0,0.0,1632.0,0.209
1633.0,0.0,1633.0,0.22
1634.0,0.0,1634.0,0.22
1635.0,0.0,1635.0,0.197
1636.0,0.0,1636.0,0.197
1637.0,0.0,1637.0,0.232
1638.0,0.0,1638.0,0.174
1639.0,0.0,1639.0,0.185
1640.0,0.0,1640.0,0.0927
1641.0,0.521,1641.0,0.104
1642.0,0.0,1642.0,0.116
1643.0,0.521,1643.0,0.116
1644.0,0.0,1644.0,0.116
1645.0,0.521,1645.0,0.162
1646.0,0.0,1646.0,0.0
1647.0,0.521,1647.0,0.0
1648.0,0.521,1648.0,0.0
1649.0,0.0,1649.0,0.0
1650.0,0.0,1650.0,0.0116
1651.0,0.0,1651.0,0.0463
1652.0,0.0,1652.0,0.185
1653.0,0.0,1653.0,0.209
1654.0,0.0,1654.0,0.266
1655.0,0.0,1655.0,0.232
1656.0,0.0,1656.0,0.151
1657.0,0.0,1657.0,0.139
1658.0,0.0,1658.0,0.139
1659.0,0.0,1659.0,0.0927
1660.0,0.521,1660.0,0.151
1661.0,0.0,1661.0,0.127
1662.0,0.0,1662.0,0.104
1663.0,0.521,1663.0,0.0579
1664.0,0.0,1664.0,0.0811
1665.0,0.521,1665.0,0.0811
1666.0,0.521,1666.0,0.0811
1667.0,0.0,1667.0,0.0
1668.0,0.0,1668.0,0.0579
1669.0,0.0,1669.0,0.127
1670.0,0.0,1670.0,0.116
1671.0,0.0,1671.0,0.104
1672.0,0.0,1672.0,0.116
1673.0,0.0,1673.0,0.116
1674.0,0.0,1674.0,0.104
1675.0,0.0,1675.0,0.151
1676.0,0.521,1676.0,0.104
1677.0,0.0,1677.0,0.104
1678.0,0.0,1678.0,0.139
1679.0,0.0,1679.0,0.104
1680.0,0.521,1680.0,0.0695
1681.0,0.0,1681.0,0.0579
1682.0,0.521,1682.0,0.104
1683.0,0.0,1683.0,0.185
1684.0,0.0,1684.0,0.139
1685.0,0.0,1685.0,0.116
1686.0,0.0,1686.0,0.0695
1687.0,0.521,1687.0,0.0695
1688.0,0.0,1688.0,0.0463
1689.0,0.0,1689.0,0.0695
1690.0,0.0,1690.0,0.0463
1691.0,0.0,1691.0,0.0463
1692.0,0.0,1692.0,0.0579
1693.0,0.0,1693.0,0.0
1694.0,0.0,1694.0,0.0463
1695.0,0.0,1695.0,0.0
1696.0,0.521,1696.0,0.0927
1697.0,0.0,1697.0,0.162
1698.0,0.0,1698.0,0.139
1699.0,0.0,1699.0,0.127
1700.0,0.0,1700.0,0.139
1701.0,0.0,1701.0,0.127
1702.0,0.521,1702.0,0.162
1703.0,0.0,1703.0,0.104
1704.0,0.0,1704.0,0.0927
1705.0,0.0,1705.0,0.0927
1706.0,0.0,1706.0,0.139
1707.0,0.0,1707.0,0.0695
1708.0,0.0,1708.0,0.0695
1709.0,0.521,1709.0,0.0695
1710.0,0.0,1710.0,0.127
1711.0,0.0,1711.0,0.0
1712.0,0.0,1712.0,0.0
1713.0,0.521,1713.0,0.0116
1714.0,0.0,1714.0,0.0348
1715.0,0.0,1715.0,0.0348
1716.0,0.0,1716.0,0.197
1717.0,0.0,1717.0,0.151
1718.0,0.0,1718.0,0.162
1719.0,0.0,1719.0,0.151
1720.0,0.0,1720.0,0.127
1721.0,0.0,1721.0,0.0927
1722.0,0.0,1722.0,0.0579
1723.0,0.521,1723.0,0.0579
1724.0,0.0,1724.0,0.104
1725.0,0.0,1725.0,0.104
1726.0,0.0,1726.0,0.0579
1727.0,0.521,1727.0,0.116
1728.0,0.0,1728.0,0.0927
1729.0,0.0,1729.0,0.104
1730.0,0.521,1730.0,0.0
1731.0,0.0,1731.0,0.0463
1732.0,0.0,1732.0,0.127
1733.0,0.0,1733.0,0.197
1734.0,0.0,1734.0,0.151
1735.0,0.0,1735.0,0.185
1736.0,0.0,1736.0,0.162
1737.0,0.521,1737.0,0.185
1738.0,0.0,1738.0,0.151
1739.0,0.0,1739.0,0.127
1740.0,0.0,1740.0,0.151
1741.0,0.521,1741.0,0.162
1742.0,0.0,1742.0,0.139
1743.0,0.0,1743.0,0.0579
1744.0,0.0,1744.0,0.151
1745.0,0.521,1745.0,0.185
1746.0,0.521,1746.0,0.0
1747.0,0.0,1747.0,0.0
1748.0,0.0,1748.0,0.0463
1749.0,0.0,1749.0,0.0116
1750.0,0.0,1750.0,0.151
1751.0,0.0,1751.0,0.151
1752.0,0.0,1752.0,0.162
1753.0,0.0,1753.0,0.127
1754.0,0.0,1754.0,0.0927
1755.0,0.0,1755.0,0.0927
1756.0,0.521,1756.0,0.139
1757.0,0.0,1757.0,0.139
1758.0,0.0,1758.0,0.162
1759.0,0.0,1759.0,0.151
1760.0,0.521,1760.0,0.116
1761.0,0.0,1761.0,0.162
1762.0,0.521,1762.0,0.0348
1763.0,0.0,1763.0,0.0
1764.0,0.521,1764.0,0.0
1765.0,0.0,1765.0,0.0463
1766.0,0.0,1766.0,0.0
1767.0,0.0,1767.0,0.0
1768.0,0.0,1768.0,0.0
1769.0,0.0,1769.0,0.104
1770.0,0.0,1770.0,0.127
1771.0,0.0,1771.0,0.116
1772.0,0.0,1772.0,0.0927
1773.0,0.0,1773.0,0.0811
1774.0,0.0,1774.0,0.0927
1775.0,0.0,1775.0,0.0811
1776.0,0.0,1776.0,0.0811
1777.0,0.0,1777.0,0.104
1778.0,0.0,1778.0,0.127
1779.0,0.0,1779.0,0.209
1780.0,0.0,1780.0,0.209
1781.0,0.0,1781.0,0.359
1782.0,0.0,1782.0,0.429
1783.0,2.09,1783.0,0.162
1784.0,0.0,1784.0,0.0811
1785.0,0.0,1785.0,0.174
1786.0,0.0,1786.0,0.162
1787.0,0.0,1787.0,0.104
1788.0,0.0,1788.0,0.151
1789.0,0.0,1789.0,0.104
1790.0,0.521,1790.0,0.0348
1791.0,0.0,1791.0,0.0463
1792.0,0.0,1792.0,0.0579
1793.0,0.0,1793.0,0.0579
1794.0,0.0,1794.0,0.0811
1795.0,0.0,1795.0,0.104
1796.0,0.521,1796.0,0.0232
1797.0,0.0,1797.0,0.0232
1798.0,0.0,1798.0,0.0579
1799.0,0.0,1799.0,0.0116
1800.0,0.521,1800.0,0.0
1801.0,0.0,1801.0,0.0348
1802.0,0.0,1802.0,0.243
1803.0,0.0,1803.0,0.174
1804.0,0.0,1804.0,0.116
1805.0,0.0,1805.0,0.0579
1806.0,0.521,1806.0,0.0579
1807.0,0.0,1807.0,0.0463
1808.0,0.0,1808.0,0.0463
1809.0,0.0,1809.0,0.0348
1810.0,0.0,1810.0,0.0463
1811.0,0.0,1811.0,0.0116
1812.0,0.0,1812.0,0.0695
1813.0,0.0,1813.0,0.0
1814.0,0.0,1814.0,0.0579
1815.0,0.0,1815.0,0.0
1816.0,0.521,1816.0,0.0
1817.0,0.0,1817.0,0.0463
1818.0,0.0,1818.0,0.0811
1819.0,0.0,1819.0,0.151
1820.0,0.0,1820.0,0.151
1821.0,0.0,1821.0,0.162
1822.0,0.0,1822.0,0.29
1823.0,0.0,1823.0,0.209
1824.0,0.0,1824.0,0.185
1825.0,0.0,1825.0,0.174
1826.0,0.521,1826.0,0.116
1827.0,0.0,1827.0,0.127
1828.0,0.0,1828.0,0.116
1829.0,0.521,1829.0,0.127
1830.0,0.0,1830.0,0.162
1831.0,0.521,1831.0,0.0811
1832.0,0.521,1832.0,0.0
1833.0,0.0,1833.0,0.0
1834.0,0.0,1834.0,0.0463
1835.0,0.0,1835.0,0.0116
1836.0,0.0,1836.0,0.185
1837.0,0.0,1837.0,0.151
1838.0,0.0,1838.0,0.127
1839.0,0.0,1839.0,0.116
1840.0,0.0,1840.0,0.104
1841.0,0.0,1841.0,0.116
1842.0,0.0,1842.0,0.104
1843.0,0.521,1843.0,0.0811
1844.0,0.0,1844.0,0.0927
1845.0,0.0,1845.0,0.0811
1846.0,0.0,1846.0,0.0811
1847.0,0.0,1847.0,0.0811
1848.0,0.521,1848.0,0.0811
1849.0,0.0,1849.0,0.0811
1850.0,0.0,1850.0,0.139
1851.0,0.521,1851.0,0.104
1852.0,0.0,1852.0,0.0579
1853.0,0.0,1853.0,0.0
1854.0,0.0,1854.0,0.0463
1855.0,0.0,1855.0,0.0
1856.0,0.0,1856.0,0.104
1857.0,0.0,1857.0,0.0927
1858.0,0.0,1858.0,0.104
1859.0,0.0,1859.0,0.104
1860.0,0.0,1860.0,0.0811
1861.0,0.0,1861.0,0.0927
1862.0,0.0,1862.0,0.104
1863.0,0.0,1863.0,0.104
1864.0,0.0,1864.0,0.0811
1865.0,0.0,1865.0,0.0811
1866.0,0.521,1866.0,0.0811
1867.0,0.521,1867.0,0.0811
1868.0,0.0,1868.0,0.0463
1869.0,0.0,1869.0,0.0232
1870.0,0.0,1870.0,0.0579
1871.0,0.521,1871.0,0.0811
1872.0,0.0,1872.0,0.0927
1873.0,0.0,1873.0,0.0116
1874.0,0.0,1874.0,0.0463
1875.0,0.0,1875.0,0.197
1876.0,0.0,1876.0,0.162
1877.0,0.0,1877.0,0.104
1878.0,0.0,1878.0,0.0927
1879.0,0.0,1879.0,0.0695
1880.0,0.0,1880.0,0.0463
1881.0,0.521,1881.0,0.0579
1882.0,0.0,1882.0,0.0579
1883.0,0.0,1883.0,0.0579
1884.0,0.0,1884.0,0.0695
1885.0,0.0,1885.0,0.0
1886.0,0.0,1886.0,0.0232
1887.0,0.0,1887.0,0.0348
1888.0,0.521,1888.0,0.0348
1889.0,0.0,1889.0,0.0463
1890.0,0.0,1890.0,0.0
1891.0,0.0,1891.0,0.0463
1892.0,0.0,1892.0,0.0463
1893.0,0.0,1893.0,0.116
1894.0,0.0,1894.0,0.139
1895.0,0.0,1895.0,0.139
1896.0,0.521,1896.0,0.139
1897.0,0.0,1897.0,0.0811
1898.0,0.0,1898.0,0.0579
1899.0,0.0,1899.0,0.0579
1900.0,0.0,1900.0,0.0811
1901.0,0.0,1901.0,0.104
1902.0,0.0,1902.0,0.0695
1903.0,0.0,1903.0,0.0348
1904.0,0.521,1904.0,0.0348
1905.0,0.0,1905.0,0.0579
1906.0,0.0,1906.0,0.0348
1907.0,0.0,1907.0,0.0
1908.0,0.521,1908.0,0.0
1909.0,0.0,1909.0,0.0463
1910.0,0.0,1910.0,0.0
1911.0,0.0,1911.0,0.0
1912.0,0.0,1912.0,0.0927
1913.0,0.0,1913.0,0.127
1914.0,0.0,1914.0,0.104
1915.0,0.0,1915.0,0.0927
1916.0,0.0,1916.0,0.104
1917.0,0.0,1917.0,0.0811
1918.0,0.0,1918.0,0.0811
1919.0,0.0,1919.0,0.0811
1920.0,0.0,1920.0,0.0811
1921.0,0.0,1921.0,0.116
1922.0,0.0,1922.0,0.162
1923.0,1.04,1923.0,0.104
1924.0,0.0,1924.0,0.0695
1925.0,0.0,1925.0,0.0116
1926.0,0.0,1926.0,0.0463
1927.0,0.0,1927.0,0.0116
1928.0,0.0,1928.0,0.162
1929.0,0.521,1929.0,0.139
1930.0,0.0,1930.0,0.116
1931.0,0.0,1931.0,0.116
1932.0,0.0,1932.0,0.116
1933.0,0.0,1933.0,0.0695
1934.0,0.0,1934.0,0.104
1935.0,0.0,1935.0,0.104
1936.0,0.0,1936.0,0.0811
1937.0,0.521,1937.0,0.0232
1938.0,0.0,1938.0,0.0348
1939.0,0.0,1939.0,0.0463
1940.0,0.0,1940.0,0.0927
1941.0,0.0,1941.0,0.116
1942.0,0.521,1942.0,0.0348
1943.0,0.0,1943.0,0.0463
1944.0,0.0,1944.0,0.139
1945.0,0.0,1945.0,0.104
1946.0,0.0,1946.0,0.0927
1947.0,0.0,1947.0,0.0695
1948.0,0.0,1948.0,0.0695
1949.0,0.521,1949.0,0.0579
1950.0,0.0,1950.0,0.0232
1951.0,0.0,1951.0,0.0463
1952.0,0.0,1952.0,0.0463
1953.0,0.0,1953.0,0.0579
1954.0,0.0,1954.0,0.0579
1955.0,0.0,1955.0,0.0232
1956.0,0.0,1956.0,0.0232
1957.0,0.0,1957.0,0.0463
1958.0,0.521,1958.0,0.0232
1959.0,0.0,1959.0,0.0579
1960.0,0.0,1960.0,0.0579
1961.0,0.0,1961.0,0.151
1962.0,0.0,1962.0,0.0811
1963.0,0.0,1963.0,0.0811
1964.0,0.0,1964.0,0.0811
1965.0,0.0,1965.0,0.0695
1966.0,0.0,1966.0,0.0463
1967.0,0.0,1967.0,0.0579
1968.0,0.521,1968.0,0.0348
1969.0,0.0,1969.0,0.0579
1970.0,0.0,1970.0,0.0348
1971.0,0.0,1971.0,0.0232
1972.0,0.0,1972.0,0.0579
1973.0,0.0,1973.0,0.0232
1974.0,0.0,1974.0,0.0463
1975.0,0.0,1975.0,0.0116
1976.0,0.521,1976.0,0.0927
1977.0,0.0,1977.0,0.151
1978.0,0.0,1978.0,0.0927
1979.0,0.0,1979.0,0.104
1980.0,0.0,1980.0,0.0579
1981.0,0.0,1981.0,0.0695
1982.0,0.0,1982.0,0.0348
1983.0,0.0,1983.0,0.0232
1984.0,0.0,1984.0,0.0463
1985.0,0.521,1985.0,0.0695
1986.0,0.0,1986.0,0.0232
1987.0,0.0,1987.0,0.0579
1988.0,0.0,1988.0,0.0811
1989.0,0.0,1989.0,0.0116
1990.0,0.0,1990.0,0.104
1991.0,0.521,1991.0,0.104
1992.0,0.0,1992.0,0.104
1993.0,0.0,1993.0,0.0579
1994.0,0.0,1994.0,0.0579
1995.0,0.0,1995.0,0.0579
1996.0,0.0,1996.0,0.0116
1997.0,0.0,1997.0,0.0463
1998.0,0.0,1998.0,0.0232
1999.0,0.0,1999.0,0.0232
2000.0,0.0,2000.0,0.0348
2001.0,0.0,2001.0,0.0348
2002.0,0.0,2002.0,0.0
2003.0,0.521,2003.0,0.0
2004.0,0.0,2004.0,0.0463
2005.0,0.0,2005.0,0.0927
2006.0,0.0,2006.0,0.116
2007.0,0.0,2007.0,0.0927
2008.0,0.0,2008.0,0.104
2009.0,0.0,2009.0,0.104
2010.0,0.0,2010.0,0.0579
2011.0,0.0,2011.0,0.0695
2012.0,0.521,2012.0,0.0695
2013.0,0.0,2013.0,0.0695
2014.0,0.0,2014.0,0.0695
2015.0,0.0,2015.0,0.0579
2016.0,0.0,2016.0,0.0579
2017.0,0.0,2017.0,0.0348
2018.0,0.0,2018.0,0.0927
2019.0,0.521,2019.0,0.0348
2020.0,0.0,2020.0,0.0811
2021.0,0.0,2021.0,0.0116
2022.0,0.0,2022.0,0.0463
2023.0,0.0,2023.0,0.127
2024.0,0.0,2024.0,0.0927
2025.0,0.0,2025.0,0.0927
2026.0,0.0,2026.0,0.0927
2027.0,0.0,2027.0,0.0695
2028.0,0.521,2028.0,0.0579
2029.0,0.0,2029.0,0.0811
2030.0,0.0,2030.0,0.0811
2031.0,0.0,2031.0,0.0579
2032.0,0.0,2032.0,0.0463
2033.0,0.0,2033.0,0.0811
2034.0,0.0,2034.0,0.0695
2035.0,0.521,2035.0,0.0348
2036.0,0.0,2036.0,0.0232
2037.0,0.0,2037.0,0.0116
2038.0,0.0,2038.0,0.0348
2039.0,0.0,2039.0,0.0348
2040.0,0.0,2040.0,0.0927
2041.0,0.0,2041.0,0.0811
2042.0,0.0,2042.0,0.0927
2043.0,0.0,2043.0,0.0579
2044.0,0.0,2044.0,0.0695
2045.0,0.521,2045.0,0.0579
2046.0,0.0,2046.0,0.0695
2047.0,0.0,2047.0,0.0695
2048.0,0.0,2048.0,0.104
2049.0,0.0,2049.0,0.104
2050.0,0.0,2050.0,0.162
2051.0,0.521,2051.0,0.0927
2052.0,0.0,2052.0,0.116
2053.0,0.0,2053.0,0.0579
2054.0,0.0,2054.0,0.0463
2055.0,0.0,2055.0,0.0
2056.0,0.521,2056.0,0.0579
2057.0,0.0,2057.0,0.0927
2058.0,0.0,2058.0,0.0927
2059.0,0.0,2059.0,0.0927
2060.0,0.0,2060.0,0.104
2061.0,0.0,2061.0,0.104
2062.0,0.0,2062.0,0.0927
2063.0,0.0,2063.0,0.104
2064.0,0.0,2064.0,0.116
2065.0,0.0,2065.0,0.127
2066.0,0.521,2066.0,0.104
2067.0,0.521,2067.0,0.0811
2068.0,0.0,2068.0,0.104
2069.0,0.0,2069.0,0.0927
2070.0,0.0,2070.0,0.0811
2071.0,0.0,2071.0,0.0463
2072.0,0.0,2072.0,0.0463
2073.0,0.0,2073.0,0.0579
2074.0,0.0,2074.0,0.0348
2075.0,0.521,2075.0,0.0232
2076.0,0.0,2076.0,0.0348
2077.0,0.0,2077.0,0.0232
2078.0,0.0,2078.0,0.0348
2079.0,0.0,2079.0,0.0116
2080.0,0.0,2080.0,0.0116
2081.0,0.0,2081.0,0.0348
2082.0,0.0,2082.0,0.0
2083.0,0.0,2083.0,0.0579
2084.0,0.0,2084.0,0.0695
2085.0,0.0,2085.0,0.0695
2086.0,0.0,2086.0,0.0695
2087.0,0.0,2087.0,0.0811
2088.0,0.0,2088.0,0.0811
2089.0,0.0,2089.0,0.0811
2090.0,0.0,2090.0,0.0811
2091.0,0.521,2091.0,0.0695
2092.0,0.0,2092.0,0.0579
2093.0,0.0,2093.0,0.0695
2094.0,0.0,2094.0,0.0695
2095.0,0.0,2095.0,0.0811
2096.0,0.0,2096.0,0.0579
2097.0,0.521,2097.0,0.0579
2098.0,0.0,2098.0,0.0
2099.0,0.0,2099.0,0.0463
2100.0,0.0,2100.0,0.0116
2101.0,0.0,2101.0,0.0811
2102.0,0.0,2102.0,0.0811
2103.0,0.0,2103.0,0.0811
2104.0,0.0,2104.0,0.0579
2105.0,0.0,2105.0,0.0348
2106.0,0.0,2106.0,0.0695
2107.0,0.0,2107.0,0.0695
2108.0,0.0,2108.0,0.0695
2109.0,0.0,2109.0,0.0579
2110.0,0.521,2110.0,0.0348
2111.0,0.0,2111.0,0.116
2112.0,0.0,2112.0,0.0116
2113.0,0.521,2113.0,0.0116
2114.0,0.0,2114.0,0.0463
2115.0,0.0,2115.0,0.0811
2116.0,0.0,2116.0,0.0579
2117.0,0.0,2117.0,0.0579
2118.0,0.0,2118.0,0.0463
2119.0,0.0,2119.0,0.0811
2120.0,0.0,2120.0,0.0232
2121.0,0.0,2121.0,0.0463
2122.0,0.0,2122.0,0.0348
2123.0,0.0,2123.0,0.0463
2124.0,0.0,2124.0,0.0232
2125.0,0.0,2125.0,0.0116
2126.0,0.521,2126.0,0.0348
2127.0,0.0,2127.0,0.0232
2128.0,0.0,2128.0,0.0
2129.0,0.0,2129.0,0.0
2130.0,0.0,2130.0,0.0463
2131.0,0.0,2131.0,0.0116
2132.0,0.0,2132.0,0.0463
2133.0,0.0,2133.0,0.0348
2134.0,0.0,2134.0,0.0348
2135.0,0.0,2135.0,0.0348
2136.0,0.0,2136.0,0.0348
2137.0,0.0,2137.0,0.0348
2138.0,0.0,2138.0,0.0463
2139.0,0.0,2139.0,0.0463
2140.0,0.0,2140.0,0.0348
2141.0,0.0,2141.0,0.0348
2142.0,0.0,2142.0,0.0579
2143.0,0.521,2143.0,0.0463
2144.0,0.0,2144.0,0.0
2145.0,0.0,2145.0,0.0116
2146.0,0.0,2146.0,0.0463
2147.0,0.0,2147.0,0.0579
2148.0,0.0,2148.0,0.0463
2149.0,0.0,2149.0,0.0463
2150.0,0.0,2150.0,0.0232
2151.0,0.0,2151.0,0.0348
2152.0,0.0,2152.0,0.0348
2153.0,0.0,2153.0,0.0348
2154.0,0.0,2154.0,0.0463
2155.0,0.0,2155.0,0.0348
2156.0,0.0,2156.0,0.0
2157.0,0.521,2157.0,0.0348
2158.0,0.0,2158.0,0.0463
2159.0,0.0,2159.0,0.0463
2160.0,0.0,2160.0,0.0116
2161.0,0.0,2161.0,0.0
2162.0,0.0,2162.0,0.0463
2163.0,0.0,2163.0,0.0463
2164.0,0.0,2164.0,0.0579
2165.0,0.0,2165.0,0.0463
2166.0,0.0,2166.0,0.0348
2167.0,0.0,2167.0,0.0463
2168.0,0.0,2168.0,0.0463
2169.0,0.0,2169.0,0.0463
2170.0,0.0,2170.0,0.0348
2171.0,0.521,2171.0,0.0232
2172.0,0.0,2172.0,0.0463
2173.0,0.0,2173.0,0.0463
2174.0,0.0,2174.0,0.0232
2175.0,0.0,2175.0,0.0463
2176.0,0.0,2176.0,0.0232
2177.0,0.0,2177.0,0.0
2178.0,0.0,2178.0,0.0463
2179.0,0.0,2179.0,0.0232
2180.0,0.0,2180.0,0.0579
2181.0,0.0,2181.0,0.0579
2182.0,0.0,2182.0,0.0348
2183.0,0.0,2183.0,0.0463
2184.0,0.0,2184.0,0.0348
2185.0,0.0,2185.0,0.0463
2186.0,0.521,2186.0,0.0348
2187.0,0.0,2187.0,0.0348
2188.0,0.0,2188.0,0.0348
2189.0,0.0,2189.0,0.0579
2190.0,0.0,2190.0,0.0463
2191.0,0.0,2191.0,0.0579
2192.0,0.0,2192.0,0.0348
2193.0,0.0,2193.0,0.0579
2194.0,0.0,2194.0,0.0463
2195.0,0.521,2195.0,0.0116
2196.0,0.0,2196.0,0.0463
2197.0,0.0,2197.0,0.0463
2198.0,0.0,2198.0,0.0463
2199.0,0.0,2199.0,0.0463
2200.0,0.0,2200.0,0.0348
2201.0,0.0,2201.0,0.0463
2202.0,0.0,2202.0,0.0348
2203.0,0.0,2203.0,0.0463
2204.0,0.0,2204.0,0.0579
2205.0,0.0,2205.0,0.0463
2206.0,0.0,2206.0,0.0232
2207.0,0.0,2207.0,0.0232
2208.0,0.521,2208.0,0.0463
2209.0,0.0,2209.0,0.0
2210.0,0.0,2210.0,0.0579
2211.0,0.0,2211.0,0.0579
2212.0,0.0,2212.0,0.0463
2213.0,0.0,2213.0,0.0579
2214.0,0.0,2214.0,0.0695
2215.0,0.0,2215.0,0.0463
2216.0,0.0,2216.0,0.0348
2217.0,0.0,2217.0,0.0463
2218.0,0.0,2218.0,0.0579
2219.0,0.0,2219.0,0.0463
2220.0,0.0,2220.0,0.0579
2221.0,0.0,2221.0,0.0348
2222.0,0.521,2222.0,0.0463
2223.0,0.0,2223.0,0.0695
2224.0,0.0,2224.0,0.0348
2225.0,0.0,2225.0,0.0232
2226.0,0.0,2226.0,0.0232
2227.0,0.0,2227.0,0.0
2228.0,0.0,2228.0,0.0579
2229.0,0.0,2229.0,0.0579
2230.0,0.0,2230.0,0.0579
2231.0,0.0,2231.0,0.0463
2232.0,0.0,2232.0,0.0348
2233.0,0.0,2233.0,0.0463
2234.0,0.0,2234.0,0.0348
2235.0,0.0,2235.0,0.0579
2236.0,0.0,2236.0,0.0579
2237.0,0.0,2237.0,0.0811
2238.0,0.521,2238.0,0.0695
2239.0,0.0,2239.0,0.0116
2240.0,0.0,2240.0,0.0348
2241.0,0.0,2241.0,0.0116
2242.0,0.0,2242.0,0.0579
2243.0,0.0,2243.0,0.0463
2244.0,0.0,2244.0,0.0463
2245.0,0.0,2245.0,0.0463
2246.0,0.0,2246.0,0.0463
2247.0,0.0,2247.0,0.0579
2248.0,0.0,2248.0,0.0579
2249.0,0.521,2249.0,0.0463
2250.0,0.0,2250.0,0.0348
2251.0,0.0,2251.0,0.0463
2252.0,0.0,2252.0,0.0463
2253.0,0.0,2253.0,0.0348
2254.0,0.0,2254.0,0.0
2255.0,0.0,2255.0,0.0116
2256.0,0.521,2256.0,0.0348
2257.0,0.0,2257.0,0.0116
2258.0,0.0,2258.0,0.0579
2259.0,0.0,2259.0,0.0463
2260.0,0.0,2260.0,0.0348
2261.0,0.0,2261.0,0.0579
2262.0,0.0,2262.0,0.0348
2263.0,0.0,2263.0,0.0463
2264.0,0.0,2264.0,0.0348
2265.0,0.0,2265.0,0.0348
2266.0,0.0,2266.0,0.0348
2267.0,0.0,2267.0,0.0
2268.0,0.0,2268.0,0.0232
2269.0,0.0,2269.0,0.0232
2270.0,0.0,2270.0,0.0232
2271.0,0.0,2271.0,0.0
2272.0,0.0,2272.0,0.0
2273.0,0.0,2273.0,0.0232
2274.0,0.521,2274.0,0.0232
2275.0,0.0,2275.0,0.0
2276.0,0.0,2276.0,0.0463
2277.0,0.0,2277.0,0.0348
2278.0,0.0,2278.0,0.0463
2279.0,0.0,2279.0,0.0463
2280.0,0.0,2280.0,0.0579
2281.0,0.0,2281.0,0.0463
2282.0,0.0,2282.0,0.0348
2283.0,0.0,2283.0,0.0463
2284.0,0.0,2284.0,0.0463
2285.0,0.0,2285.0,0.0348
2286.0,0.0,2286.0,0.0348
2287.0,0.0,2287.0,0.0695
2288.0,0.0,2288.0,0.0232
2289.0,0.0,2289.0,0.0348
2290.0,0.0,2290.0,0.0
2291.0,0.521,2291.0,0.0
2292.0,0.0,2292.0,0.0
2293.0,0.0,2293.0,0.0463
2294.0,0.0,2294.0,0.0348
2295.0,0.0,2295.0,0.0579
2296.0,0.0,2296.0,0.0463
2297.0,0.0,2297.0,0.0463
2298.0,0.0,2298.0,0.0463
2299.0,0.0,2299.0,0.0348
2300.0,0.0,2300.0,0.0348
2301.0,0.0,2301.0,0.0348
2302.0,0.0,2302.0,0.0348
2303.0,0.0,2303.0,0.0232
2304.0,0.0,2304.0,0.0232
2305.0,0.0,2305.0,0.0232
2306.0,0.0,2306.0,0.0232
2307.0,0.521,2307.0,0.0348
2308.0,0.0,2308.0,0.0116
2309.0,0.0,2309.0,0.0
2310.0,0.0,2310.0,0.0232
2311.0,0.0,2311.0,0.0348
2312.0,0.0,2312.0,0.0463
2313.0,0.0,2313.0,0.0463
2314.0,0.0,2314.0,0.0348
2315.0,0.0,2315.0,0.0348
2316.0,0.0,2316.0,0.0463
2317.0,0.0,2317.0,0.0463
2318.0,0.0,2318.0,0.0348
2319.0,0.0,2319.0,0.0348
2320.0,0.0,2320.0,0.0348
2321.0,0.0,2321.0,0.0348
2322.0,0.0,2322.0,0.0232
2323.0,0.0,2323.0,0.0232
2324.0,0.521,2324.0,0.0463
2325.0,0.0,2325.0,0.0348
2326.0,0.0,2326.0,0.0116
2327.0,0.0,2327.0,0.0463
2328.0,0.0,2328.0,0.0579
2329.0,0.0,2329.0,0.0463
2330.0,0.0,2330.0,0.0348
2331.0,0.0,2331.0,0.0463
2332.0,0.0,2332.0,0.0232
2333.0,0.0,2333.0,0.0348
2334.0,0.0,2334.0,0.0232
2335.0,0.0,2335.0,0.0348
2336.0,0.0,2336.0,0.0232
2337.0,0.0,2337.0,0.0232
2338.0,0.521,2338.0,0.0116
2339.0,0.0,2339.0,0.0463
2340.0,0.0,2340.0,0.0116
2341.0,0.0,2341.0,0.0
2342.0,0.0,2342.0,0.0116
2343.0,0.0,2343.0,0.0348
2344.0,0.0,2344.0,0.0695
2345.0,0.0,2345.0,0.0463
2346.0,0.0,2346.0,0.0348
2347.0,0.0,2347.0,0.0348
2348.0,0.0,2348.0,0.0463
2349.0,0.0,2349.0,0.0463
2350.0,0.0,2350.0,0.0348
2351.0,0.0,2351.0,0.0348
2352.0,0.0,2352.0,0.0463
2353.0,0.0,2353.0,0.0348
2354.0,0.0,2354.0,0.0348
2355.0,0.0,2355.0,0.0116
2356.0,0.521,2356.0,0.0463
2357.0,0.0,2357.0,0.0
2358.0,0.0,2358.0,0.0348
2359.0,0.0,2359.0,0.0463
2360.0,0.0,2360.0,0.0348
2361.0,0.0,2361.0,0.0463
2362.0,0.0,2362.0,0.0348
2363.0,0.0,2363.0,0.0463
2364.0,0.0,2364.0,0.0348
2365.0,0.0,2365.0,0.0348
2366.0,0.0,2366.0,0.0348
2367.0,0.0,2367.0,0.0232
2368.0,0.0,2368.0,0.0348
2369.0,0.0,2369.0,0.0348
2370.0,0.521,2370.0,0.0232
2371.0,0.0,2371.0,0.0232
2372.0,0.0,2372.0,0.0
2373.0,0.0,2373.0,0.0
2374.0,0.0,2374.0,0.0463
2375.0,0.0,2375.0,0.0232
2376.0,0.0,2376.0,0.0348
2377.0,0.0,2377.0,0.0348
2378.0,0.0,2378.0,0.0232
2379.0,0.0,2379.0,0.0232
2380.0,0.0,2380.0,0.0463
2381.0,0.0,2381.0,0.0348
2382.0,0.0,2382.0,0.0348
2383.0,0.0,2383.0,0.0463
2384.0,0.0,2384.0,0.0348
2385.0,0.0,2385.0,0.0348
2386.0,0.0,2386.0,0.0232
2387.0,0.0,2387.0,0.0348
2388.0,0.0,2388.0,0.0232
2389.0,0.521,2389.0,0.0
2390.0,0.0,2390.0,0.0
2391.0,0.0,2391.0,0.0232
2392.0,0.0,2392.0,0.0232
2393.0,0.0,2393.0,0.0
2394.0,0.0,2394.0,0.0232
2395.0,0.0,2395.0,0.0348
2396.0,0.0,2396.0,0.0348
2397.0,0.0,2397.0,0.0348
2398.0,0.0,2398.0,0.0463
2399.0,0.0,2399.0,0.0232
2400.0,0.0,2400.0,0.0348
2401.0,0.0,2401.0,0.0348
2402.0,0.0,2402.0,0.0348
2403.0,0.0,2403.0,0.0348
2404.0,0.0,2404.0,0.0348
2405.0,0.0,2405.0,0.0463
2406.0,0.0,2406.0,0.0116
2407.0,0.521,2407.0,0.0
2408.0,0.0,2408.0,0.0
2409.0,0.0,2409.0,0.0232
2410.0,0.0,2410.0,0.0232
2411.0,0.0,2411.0,0.0
2412.0,0.0,2412.0,0.0
2413.0,0.0,2413.0,0.0116
2414.0,0.0,2414.0,0.0348
2415.0,0.0,2415.0,0.0232
2416.0,0.0,2416.0,0.0116
2417.0,0.0,2417.0,0.0463
2418.0,0.0,2418.0,0.0348
2419.0,0.0,2419.0,0.0463
2420.0,0.0,2420.0,0.0116
2421.0,0.0,2421.0,0.0348
2422.0,0.0,2422.0,0.0232
2423.0,0.0,2423.0,0.0348
2424.0,0.0,2424.0,0.104
2425.0,0.0,2425.0,0.0
2426.0,0.0,2426.0,0.0
2427.0,0.521,2427.0,0.0348
2428.0,0.0,2428.0,0.0116
2429.0,0.0,2429.0,0.0
2430.0,0.0,2430.0,0.0116
2431.0,0.0,2431.0,0.0232
2432.0,0.0,2432.0,0.0116
2433.0,0.0,2433.0,0.0348
2434.0,0.0,2434.0,0.0232
2435.0,0.0,2435.0,0.0116
2436.0,0.0,2436.0,0.0348
2437.0,0.0,2437.0,0.0116
2438.0,0.0,2438.0,0.0348
2439.0,0.0,2439.0,0.0348
2440.0,0.0,2440.0,0.0232
2441.0,0.0,2441.0,0.0232
2442.0,0.0,2442.0,0.0348
2443.0,0.0,2443.0,0.0116
2444.0,0.0,2444.0,0.0116
2445.0,0.0,2445.0,0.0348
2446.0,0.0,2446.0,0.0463
2447.0,0.0,2447.0,0.0232
2448.0,0.0,2448.0,0.0116
2449.0,0.0,2449.0,0.0348
2450.0,0.0,2450.0,0.0348
2451.0,0.521,2451.0,0.0232
2452.0,0.0,2452.0,0.0232
2453.0,0.0,2453.0,0.0116
2454.0,0.0,2454.0,0.0232
2455.0,0.0,2455.0,0.0116
2456.0,0.0,2456.0,0.0348
2457.0,0.0,2457.0,0.0116
2458.0,0.0,2458.0,0.0232
2459.0,0.0,2459.0,0.0
2460.0,0.0,2460.0,0.0
2461.0,0.0,2461.0,0.0463
2462.0,0.0,2462.0,0.0232
2463.0,0.0,2463.0,0.0348
2464.0,0.0,2464.0,0.0116
2465.0,0.0,2465.0,0.0348
2466.0,0.0,2466.0,0.0232
2467.0,0.0,2467.0,0.0232
2468.0,0.0,2468.0,0.0348
2469.0,0.0,2469.0,0.0232
2470.0,0.0,2470.0,0.0116
2471.0,0.0,2471.0,0.0232
2472.0,0.0,2472.0,0.0348
2473.0,0.521,2473.0,0.0116
2474.0,0.0,2474.0,0.0232
2475.0,0.0,2475.0,0.0232
2476.0,0.0,2476.0,0.0232
2477.0,0.0,2477.0,0.0463
2478.0,0.0,2478.0,0.0
2479.0,0.0,2479.0,0.0463
2480.0,0.0,2480.0,0.0232
2481.0,0.0,2481.0,0.0232
2482.0,0.0,2482.0,0.0232
2483.0,0.0,2483.0,0.0116
2484.0,0.0,2484.0,0.0348
2485.0,0.0,2485.0,0.0116
2486.0,0.0,2486.0,0.0232
2487.0,0.0,2487.0,0.0116
2488.0,0.0,2488.0,0.0348
2489.0,0.0,2489.0,0.0116
2490.0,0.0,2490.0,0.0232
2491.0,0.0,2491.0,0.0348
2492.0,0.0,2492.0,0.0232
2493.0,0.0,2493.0,0.0348
2494.0,0.0,2494.0,0.0348
2495.0,0.521,2495.0,0.0116
2496.0,0.0,2496.0,0.0348
2497.0,0.0,2497.0,0.0
2498.0,0.0,2498.0,0.0232
2499.0,0.0,2499.0,0.0116
2500.0,0.0,2500.0,0.0232
2501.0,0.0,2501.0,0.0116
2502.0,0.0,2502.0,0.0232
2503.0,0.0,2503.0,0.0232
2504.0,0.0,2504.0,0.0348
2505.0,0.0,2505.0,0.0232
2506.0,0.0,2506.0,0.0348
2507.0,0.0,2507.0,0.0232
2508.0,0.0,2508.0,0.0348
2509.0,0.0,2509.0,0.0232
2510.0,0.0,2510.0,0.0348
2511.0,0.0,2511.0,0.0116
2512.0,0.0,2512.0,0.0232
2513.0,0.0,2513.0,0.0116
2514.0,0.0,2514.0,0.0116
2515.0,0.0,2515.0,0.0232
2516.0,0.521,2516.0,0.0232
2517.0,0.0,2517.0,0.0232
2518.0,0.0,2518.0,0.0232
2519.0,0.0,2519.0,0.0348
2520.0,0.0,2520.0,0.0232
2521.0,0.0,2521.0,0.0232
2522.0,0.0,2522.0,0.0232
2523.0,0.0,2523.0,0.0348
2524.0,0.0,2524.0,0.0348
2525.0,0.0,2525.0,0.0463
2526.0,0.0,2526.0,0.0463
2527.0,0.0,2527.0,0.0116
2528.0,0.0,2528.0,0.0232
2529.0,0.0,2529.0,0.0348
2530.0,0.0,2530.0,0.0232
2531.0,0.0,2531.0,0.0348
2532.0,0.0,2532.0,0.0348
2533.0,0.0,2533.0,0.0348
2534.0,0.0,2534.0,0.0232
2535.0,0.0,2535.0,0.0348
2536.0,0.521,2536.0,0.0232
2537.0,0.0,2537.0,0.0348
2538.0,0.0,2538.0,0.0232
2539.0,0.0,2539.0,0.0232
2540.0,0.0,2540.0,0.0348
2541.0,0.0,2541.0,0.0232
2542.0,0.0,2542.0,0.0579
2543.0,0.0,2543.0,0.0348
2544.0,0.0,2544.0,0.0232
2545.0,0.0,2545.0,0.0232
2546.0,0.0,2546.0,0.0348
2547.0,0.0,2547.0,0.0348
2548.0,0.0,2548.0,0.0348
2549.0,0.0,2549.0,0.0232
2550.0,0.0,2550.0,0.0348
2551.0,0.0,2551.0,0.0232
2552.0,0.521,2552.0,0.0348
2553.0,0.0,2553.0,0.0232
2554.0,0.0,2554.0,0.0232
2555.0,0.0,2555.0,0.0116
2556.0,0.0,2556.0,0.0463
2557.0,0.0,2557.0,0.0463
2558.0,0.0,2558.0,0.0348
2559.0,0.0,2559.0,0.0232
2560.0,0.0,2560.0,0.0348
2561.0,0.0,2561.0,0.0348
2562.0,0.0,2562.0,0.0463
2563.0,0.0,2563.0,0.0463
2564.0,0.0,2564.0,0.0232
2565.0,0.0,2565.0,0.0463
2566.0,0.0,2566.0,0.0348
2567.0,0.521,2567.0,0.0348
2568.0,0.0,2568.0,0.0348
2569.0,0.0,2569.0,0.0348
2570.0,0.0,2570.0,0.0348
2571.0,0.0,2571.0,0.0348
2572.0,0.0,2572.0,0.0463
2573.0,0.0,2573.0,0.0348
2574.0,0.0,2574.0,0.0232
2575.0,0.0,2575.0,0.0463
2576.0,0.0,2576.0,0.0348
2577.0,0.0,2577.0,0.0348
2578.0,0.0,2578.0,0.0579
2579.0,0.0,2579.0,0.0348
2580.0,0.0,2580.0,0.0579
2581.0,0.521,2581.0,0.0463
2582.0,0.0,2582.0,0.0463
2583.0,0.0,2583.0,0.0463
2584.0,0.0,2584.0,0.0463
2585.0,0.0,2585.0,0.0463
2586.0,0.0,2586.0,0.0463
2587.0,0.0,2587.0,0.0348
2588.0,0.0,2588.0,0.0348
2589.0,0.0,2589.0,0.0348
2590.0,0.0,2590.0,0.0348
2591.0,0.0,2591.0,0.0232
2592.0,0.0,2592.0,0.0463
2593.0,0.0,2593.0,0.0348
2594.0,0.0,2594.0,0.0348
2595.0,0.521,2595.0,0.0232
2596.0,0.0,2596.0,0.0579
2597.0,0.0,2597.0,0.0463
2598.0,0.0,2598.0,0.0463
2599.0,0.0,2599.0,0.0463
2600.0,0.0,2600.0,0.0348
2601.0,0.0,2601.0,0.0463
2602.0,0.0,2602.0,0.0232
2603.0,0.0,2603.0,0.0463
2604.0,0.0,2604.0,0.0348
2605.0,0.0,2605.0,0.0232
2606.0,0.0,2606.0,0.0579
2607.0,0.0,2607.0,0.0116
2608.0,0.0,2608.0,0.0
2609.0,0.521,2609.0,0.0463
2610.0,0.0,2610.0,0.0116
2611.0,0.0,2611.0,0.0463
2612.0,0.0,2612.0,0.0463
2613.0,0.0,2613.0,0.0348
2614.0,0.0,2614.0,0.0463
2615.0,0.0,2615.0,0.0579
2616.0,0.0,2616.0,0.0463
2617.0,0.0,2617.0,0.0463
2618.0,0.0,2618.0,0.0463
2619.0,0.0,2619.0,0.0463
2620.0,0.0,2620.0,0.0463
2621.0,0.0,2621.0,0.0463
2622.0,0.0,2622.0,0.0232
2623.0,0.521,2623.0,0.0116
2624.0,0.0,2624.0,0.0348
2625.0,0.0,2625.0,0.0348
2626.0,0.0,2626.0,0.0348
2627.0,0.0,2627.0,0.0463
2628.0,0.0,2628.0,0.0463
2629.0,0.0,2629.0,0.0579
2630.0,0.0,2630.0,0.0348
2631.0,0.0,2631.0,0.0463
2632.0,0.0,2632.0,0.0463
2633.0,0.0,2633.0,0.0348
2634.0,0.0,2634.0,0.0579
2635.0,0.0,2635.0,0.0463
2636.0,0.521,2636.0,0.0
2637.0,0.0,2637.0,0.0232
2638.0,0.0,2638.0,0.0232
2639.0,0.0,2639.0,0.0463
2640.0,0.0,2640.0,0.0463
2641.0,0.0,2641.0,0.0463
2642.0,0.0,2642.0,0.0579
2643.0,0.0,2643.0,0.0463
2644.0,0.0,2644.0,0.0348
2645.0,0.0,2645.0,0.0463
2646.0,0.0,2646.0,0.0463
2647.0,0.0,2647.0,0.0348
2648.0,0.0,2648.0,0.0463
2649.0,0.521,2649.0,0.0695
2650.0,0.0,2650.0,0.0116
2651.0,0.0,2651.0,0.0348
2652.0,0.0,2652.0,0.0116
2653.0,0.0,2653.0,0.0463
2654.0,0.0,2654.0,0.0348
2655.0,0.0,2655.0,0.0463
2656.0,0.0,2656.0,0.0695
2657.0,0.0,2657.0,0.0232
2658.0,0.0,2658.0,0.0463
2659.0,0.0,2659.0,0.0348
2660.0,0.0,2660.0,0.0463
2661.0,0.0,2661.0,0.0463
2662.0,0.0,2662.0,0.0579
2663.0,0.521,2663.0,0.0579
2664.0,0.0,2664.0,0.0
2665.0,0.0,2665.0,0.0232
2666.0,0.0,2666.0,0.0232
2667.0,0.0,2667.0,0.0232
2668.0,0.0,2668.0,0.0463
2669.0,0.0,2669.0,0.0348
2670.0,0.0,2670.0,0.0463
2671.0,0.0,2671.0,0.0463
2672.0,0.0,2672.0,0.0348
2673.0,0.0,2673.0,0.0463
2674.0,0.0,2674.0,0.0463
2675.0,0.0,2675.0,0.0463
2676.0,0.0,2676.0,0.0811
2677.0,0.521,2677.0,0.0463
2678.0,0.0,2678.0,0.0
2679.0,0.0,2679.0,0.0232
2680.0,0.0,2680.0,0.0232
2681.0,0.0,2681.0,0.0232
2682.0,0.0,2682.0,0.0463
2683.0,0.0,2683.0,0.0463
2684.0,0.0,2684.0,0.0579
2685.0,0.0,2685.0,0.0463
2686.0,0.0,2686.0,0.0348
2687.0,0.0,2687.0,0.0463
2688.0,0.0,2688.0,0.0579
2689.0,0.0,2689.0,0.0463
2690.0,0.521,2690.0,0.0927
2691.0,0.0,2691.0,0.0463
2692.0,0.0,2692.0,0.0348
2693.0,0.0,2693.0,0.0
2694.0,0.0,2694.0,0.0116
2695.0,0.0,2695.0,0.0348
2696.0,0.0,2696.0,0.0232
2697.0,0.0,2697.0,0.0579
2698.0,0.0,2698.0,0.0695
2699.0,0.0,2699.0,0.0579
2700.0,0.521,2700.0,0.0579
2701.0,0.0,2701.0,0.0579
2702.0,0.0,2702.0,0.0579
2703.0,0.0,2703.0,0.0579
2704.0,0.0,2704.0,0.0811
2705.0,0.0,2705.0,0.0695
2706.0,0.0,2706.0,0.0579
2707.0,0.0,2707.0,0.0579
2708.0,0.0,2708.0,0.0348
2709.0,0.0,2709.0,0.0
2710.0,0.521,2710.0,0.0116
2711.0,0.0,2711.0,0.0348
2712.0,0.0,2712.0,0.0695
2713.0,0.0,2713.0,0.0463
2714.0,0.0,2714.0,0.0695
2715.0,0.0,2715.0,0.0695
2716.0,0.0,2716.0,0.0579
2717.0,0.0,2717.0,0.0695
2718.0,0.0,2718.0,0.0927
2719.0,0.521,2719.0,0.0579
2720.0,0.0,2720.0,0.0463
2721.0,0.0,2721.0,0.0579
2722.0,0.0,2722.0,0.0695
2723.0,0.0,2723.0,0.0348
2724.0,0.0,2724.0,0.0116
2725.0,0.0,2725.0,0.0348
2726.0,0.0,2726.0,0.0695
2727.0,0.0,2727.0,0.0695
2728.0,0.0,2728.0,0.0695
2729.0,0.521,2729.0,0.0463
2730.0,0.0,2730.0,0.0695
2731.0,0.0,2731.0,0.0695
2732.0,0.0,2732.0,0.0811
2733.0,0.0,2733.0,0.0695
2734.0,0.0,2734.0,0.0463
2735.0,0.0,2735.0,0.0463
2736.0,0.0,2736.0,0.0463
2737.0,0.0,2737.0,0.0579
2738.0,0.521,2738.0,0.0
2739.0,0.0,2739.0,0.0463
2740.0,0.0,2740.0,0.0348
2741.0,0.0,2741.0,0.0579
2742.0,0.0,2742.0,0.0579
2743.0,0.0,2743.0,0.0811
2744.0,0.0,2744.0,0.0695
2745.0,0.0,2745.0,0.0927
2746.0,0.0,2746.0,0.0695
2747.0,0.0,2747.0,0.0579
2748.0,0.521,2748.0,0.0463
2749.0,0.0,2749.0,0.0463
2750.0,0.0,2750.0,0.0463
2751.0,0.0,2751.0,0.0116
2752.0,0.0,2752.0,0.0695
2753.0,0.0,2753.0,0.0
2754.0,0.0,2754.0,0.0
2755.0,0.0,2755.0,0.0348
2756.0,0.0,2756.0,0.0232
2757.0,0.0,2757.0,0.0695
2758.0,0.0,2758.0,0.0579
2759.0,0.521,2759.0,0.0579
2760.0,0.0,2760.0,0.0579
2761.0,0.0,2761.0,0.0695
2762.0,0.0,2762.0,0.0695
2763.0,0.0,2763.0,0.0348
2764.0,0.0,2764.0,0.0348
2765.0,0.0,2765.0,0.0348
2766.0,0.0,2766.0,0.0463
2767.0,0.0,2767.0,0.0348
2768.0,0.0,2768.0,0.0232
2769.0,0.0,2769.0,0.0
2770.0,0.0,2770.0,0.0
2771.0,0.521,2771.0,0.0463
2772.0,0.0,2772.0,0.0348
2773.0,0.0,2773.0,0.0811
2774.0,0.0,2774.0,0.0811
2775.0,0.0,2775.0,0.0811
2776.0,0.0,2776.0,0.0579
2777.0,0.0,2777.0,0.0695
2778.0,0.0,2778.0,0.0579
2779.0,0.0,2779.0,0.0348
2780.0,0.0,2780.0,0.0463
2781.0,0.0,2781.0,0.0463
2782.0,0.0,2782.0,0.0348
2783.0,0.0,2783.0,0.0811
2784.0,0.521,2784.0,0.0348
2785.0,0.0,2785.0,0.0
2786.0,0.0,2786.0,0.0116
2787.0,0.0,2787.0,0.104
2788.0,0.0,2788.0,0.0927
2789.0,0.0,2789.0,0.0695
2790.0,0.0,2790.0,0.0348
2791.0,0.521,2791.0,0.0348
2792.0,0.0,2792.0,0.0348
2793.0,0.0,2793.0,0.0348
2794.0,0.0,2794.0,0.0463
2795.0,0.0,2795.0,0.0116
2796.0,0.0,2796.0,0.0232
2797.0,0.0,2797.0,0.0348
2798.0,0.0,2798.0,0.0
2799.0,0.0,2799.0,0.0
2800.0,0.0,2800.0,0.0463
2801.0,0.0,2801.0,0.0
2802.0,0.0,2802.0,0.0695
2803.0,0.0,2803.0,0.0579
2804.0,0.0,2804.0,0.0579
2805.0,0.0,2805.0,0.0695
2806.0,0.0,2806.0,0.0695
2807.0,0.0,2807.0,0.0579
2808.0,0.0,2808.0,0.0695
2809.0,0.0,2809.0,0.0927
2810.0,0.0,2810.0,0.0463
2811.0,0.0,2811.0,0.0579
2812.0,0.521,2812.0,0.0579
2813.0,0.0,2813.0,0.0579
2814.0,0.0,2814.0,0.0
2815.0,0.0,2815.0,0.0
2816.0,0.0,2816.0,0.0
2817.0,0.0,2817.0,0.0
2818.0,0.521,2818.0,0.0
2819.0,0.0,2819.0,0.0463
2820.0,0.0,2820.0,0.0
2821.0,0.0,2821.0,0.0463
2822.0,0.0,2822.0,0.0348
2823.0,0.0,2823.0,0.0348
2824.0,0.0,2824.0,0.0463
2825.0,0.0,2825.0,0.0579
2826.0,0.0,2826.0,0.0579
2827.0,0.0,2827.0,0.0695
2828.0,0.0,2828.0,0.0695
2829.0,0.0,2829.0,0.0579
2830.0,0.0,2830.0,0.0579
2831.0,0.0,2831.0,0.0232
2832.0,0.0,2832.0,0.0
2833.0,0.0,2833.0,0.0
2834.0,0.521,2834.0,0.0
2835.0,0.0,2835.0,0.0
2836.0,0.0,2836.0,0.0348
2837.0,0.0,2837.0,0.0116
2838.0,0.0,2838.0,0.0
2839.0,0.0,2839.0,0.0463
2840.0,0.0,2840.0,0.0579
2841.0,0.0,2841.0,0.0463
2842.0,0.0,2842.0,0.104
2843.0,0.0,2843.0,0.0695
2844.0,0.0,2844.0,0.0463
2845.0,0.0,2845.0,0.0348
2846.0,0.0,2846.0,0.0463
2847.0,0.0,2847.0,0.0463
2848.0,0.0,2848.0,0.0348
2849.0,0.0,2849.0,0.0695
2850.0,0.521,2850.0,0.0579
2851.0,0.0,2851.0,0.0695
2852.0,0.0,2852.0,0.0695
2853.0,0.0,2853.0,0.0579
2854.0,0.0,2854.0,0.0695
2855.0,0.0,2855.0,0.0811
2856.0,0.0,2856.0,0.0579
2857.0,0.521,2857.0,0.0579
2858.0,0.0,2858.0,0.0695
2859.0,0.0,2859.0,0.0579
2860.0,0.0,2860.0,0.0579
2861.0,0.0,2861.0,0.0579
2862.0,0.0,2862.0,0.0579
2863.0,0.0,2863.0,0.0
2864.0,0.0,2864.0,0.0
2865.0,0.0,2865.0,0.0463
2866.0,0.521,2866.0,0.0
2867.0,0.0,2867.0,0.0811
2868.0,0.0,2868.0,0.0579
2869.0,0.0,2869.0,0.0579
2870.0,0.0,2870.0,0.0695
2871.0,0.0,2871.0,0.0579
2872.0,0.0,2872.0,0.0811
2873.0,0.0,2873.0,0.0695
2874.0,0.0,2874.0,0.0463
2875.0,0.0,2875.0,0.0463
2876.0,0.0,2876.0,0.0579
2877.0,0.0,2877.0,0.0579
2878.0,0.0,2878.0,0.0695
2879.0,0.521,2879.0,0.0232
2880.0,0.0,2880.0,0.0
2881.0,0.0,2881.0,0.0463
2882.0,0.0,2882.0,0.0695
2883.0,0.0,2883.0,0.0579
2884.0,0.0,2884.0,0.0695
2885.0,0.0,2885.0,0.0579
2886.0,0.0,2886.0,0.0348
2887.0,0.521,2887.0,0.0579
2888.0,0.0,2888.0,0.0463
2889.0,0.0,2889.0,0.0463
2890.0,0.0,2890.0,0.0579
2891.0,0.0,2891.0,0.0348
2892.0,0.0,2892.0,0.0463
2893.0,0.0,2893.0,0.0116
2894.0,0.0,2894.0,0.0116
2895.0,0.0,2895.0,0.0579
2896.0,0.521,2896.0,0.0695
2897.0,0.0,2897.0,0.0579
2898.0,0.0,2898.0,0.0811
2899.0,0.0,2899.0,0.0232
2900.0,0.0,2900.0,0.0463
2901.0,0.0,2901.0,0.0232
2902.0,0.0,2902.0,0.0348
2903.0,0.0,2903.0,0.0579
2904.0,0.0,2904.0,0.0116
2905.0,0.0,2905.0,0.0463
2906.0,0.0,2906.0,0.0232
2907.0,0.0,2907.0,0.0116
2908.0,0.0,2908.0,0.0232
2909.0,0.0,2909.0,0.0232
2910.0,0.0,2910.0,0.0579
2911.0,0.521,2911.0,0.0579
2912.0,0.0,2912.0,0.0463
2913.0,0.0,2913.0,0.0463
2914.0,0.0,2914.0,0.0463
2915.0,0.0,2915.0,0.0463
2916.0,0.0,2916.0,0.0232
2917.0,0.0,2917.0,0.0463
2918.0,0.0,2918.0,0.0463
2919.0,0.0,2919.0,0.0348
2920.0,0.0,2920.0,0.0232
2921.0,0.0,2921.0,0.0348
2922.0,0.0,2922.0,0.0
2923.0,0.0,2923.0,0.0116
2924.0,0.521,2924.0,0.0348
2925.0,0.0,2925.0,0.0348
2926.0,0.0,2926.0,0.0463
2927.0,0.0,2927.0,0.0579
2928.0,0.0,2928.0,0.0463
2929.0,0.0,2929.0,0.0463
2930.0,0.0,2930.0,0.0463
2931.0,0.0,2931.0,0.0348
2932.0,0.0,2932.0,0.0348
2933.0,0.0,2933.0,0.0348
2934.0,0.0,2934.0,0.0463
2935.0,0.0,2935.0,0.0463
2936.0,0.0,2936.0,0.0
2937.0,0.0,2937.0,0.0116
2938.0,0.0,2938.0,0.0116
2939.0,0.521,2939.0,0.0232
2940.0,0.0,2940.0,0.0232
2941.0,0.0,2941.0,0.0579
2942.0,0.0,2942.0,0.0463
2943.0,0.0,2943.0,0.0463
2944.0,0.0,2944.0,0.0348
2945.0,0.0,2945.0,0.0463
2946.0,0.0,2946.0,0.0348
2947.0,0.0,2947.0,0.0463
2948.0,0.0,2948.0,0.0463
2949.0,0.0,2949.0,0.0463
2950.0,0.0,2950.0,0.0463
2951.0,0.0,2951.0,0.0232
2952.0,0.0,2952.0,0.0232
2953.0,0.521,2953.0,0.0348
2954.0,0.0,2954.0,0.0463
2955.0,0.0,2955.0,0.0463
2956.0,0.0,2956.0,0.0463
2957.0,0.0,2957.0,0.0463
2958.0,0.0,2958.0,0.0463
2959.0,0.0,2959.0,0.0463
2960.0,0.0,2960.0,0.0348
2961.0,0.0,2961.0,0.0232
2962.0,0.0,2962.0,0.0579
2963.0,0.0,2963.0,0.0348
2964.0,0.0,2964.0,0.0
2965.0,0.0,2965.0,0.0348
2966.0,0.0,2966.0,0.0463
2967.0,0.521,2967.0,0.0348
2968.0,0.0,2968.0,0.0463
2969.0,0.0,2969.0,0.0463
2970.0,0.0,2970.0,0.0463
2971.0,0.0,2971.0,0.0348
2972.0,0.0,2972.0,0.0348
2973.0,0.0,2973.0,0.0348
2974.0,0.0,2974.0,0.0348
2975.0,0.0,2975.0,0.0348
2976.0,0.0,2976.0,0.0463
2977.0,0.0,2977.0,0.0348
2978.0,0.0,2978.0,0.0116
2979.0,0.0,2979.0,0.0463
2980.0,0.521,2980.0,0.0463
2981.0,0.0,2981.0,0.0463
2982.0,0.0,2982.0,0.0463
2983.0,0.0,2983.0,0.0463
2984.0,0.0,2984.0,0.0463
2985.0,0.0,2985.0,0.0579
2986.0,0.0,2986.0,0.0348
2987.0,0.0,2987.0,0.0463
2988.0,0.0,2988.0,0.0348
2989.0,0.0,2989.0,0.0348
2990.0,0.0,2990.0,0.0348
2991.0,0.0,2991.0,0.0348
2992.0,0.521,2992.0,0.0579
2993.0,0.0,2993.0,0.0579
2994.0,0.0,2994.0,0.0463
2995.0,0.0,2995.0,0.0463
2996.0,0.0,2996.0,0.0348
2997.0,0.0,2997.0,0.0579
2998.0,0.0,2998.0,0.0463
2999.0,0.0,2999.0,0.0463
3000.0,0.0,3000.0,0.0348
3001.0,0.0,3001.0,0.0463
3002.0,0.0,3002.0,0.0463
3003.0,0.0,3003.0,0.0463
3004.0,0.521,3004.0,0.0463
3005.0,0.0,3005.0,0.0463
3006.0,0.0,3006.0,0.0579
3007.0,0.0,3007.0,0.0463
3008.0,0.0,3008.0,0.0463
3009.0,0.0,3009.0,0.0463
3010.0,0.0,3010.0,0.0463
3011.0,0.0,3011.0,0.0579
3012.0,0.0,3012.0,0.0348
3013.0,0.0,3013.0,0.0463
3014.0,0.0,3014.0,0.0463
3015.0,0.0,3015.0,0.0463
3016.0,0.521,3016.0,0.0579
3017.0,0.0,3017.0,0.0463
3018.0,0.0,3018.0,0.0348
3019.0,0.0,3019.0,0.0695
3020.0,0.0,3020.0,0.0463
3021.0,0.0,3021.0,0.0463
3022.0,0.0,3022.0,0.0463
3023.0,0.0,3023.0,0.0579
3024.0,0.0,3024.0,0.0348
3025.0,0.0,3025.0,0.0579
3026.0,0.521,3026.0,0.0463
3027.0,0.0,3027.0,0.0463
3028.0,0.0,3028.0,0.0463
3029.0,0.0,3029.0,0.0463
3030.0,0.0,3030.0,0.0463
3031.0,0.0,3031.0,0.0232
3032.0,0.0,3032.0,0.0463
3033.0,0.0,3033.0,0.0811
3034.0,0.0,3034.0,0.0463
3035.0,0.0,3035.0,0.0463
3036.0,0.0,3036.0,0.0579
3037.0,0.521,3037.0,0.0463
3038.0,0.0,3038.0,0.0579
3039.0,0.0,3039.0,0.0463
3040.0,0.0,3040.0,0.0463
3041.0,0.0,3041.0,0.0463
3042.0,0.0,3042.0,0.0463
3043.0,0.0,3043.0,0.0463
3044.0,0.0,3044.0,0.0463
3045.0,0.0,3045.0,0.0232
3046.0,0.0,3046.0,0.0579
3047.0,0.521,3047.0,0.0579
3048.0,0.0,3048.0,0.0579
3049.0,0.0,3049.0,0.0579
3050.0,0.0,3050.0,0.0579
3051.0,0.0,3051.0,0.0463
3052.0,0.0,3052.0,0.0579
3053.0,0.0,3053.0,0.0579
3054.0,0.0,3054.0,0.0463
3055.0,0.0,3055.0,0.0463
3056.0,0.0,3056.0,0.0463
3057.0,0.0,3057.0,0.0579
3058.0,0.521,3058.0,0.0232
3059.0,0.0,3059.0,0.0348
3060.0,0.0,3060.0,0.0579
3061.0,0.0,3061.0,0.0695
3062.0,0.0,3062.0,0.0695
3063.0,0.0,3063.0,0.0579
3064.0,0.0,3064.0,0.0348
3065.0,0.0,3065.0,0.0579
3066.0,0.0,3066.0,0.0579
3067.0,0.0,3067.0,0.0463
3068.0,0.0,3068.0,0.0463
3069.0,0.521,3069.0,0.0463
3070.0,0.0,3070.0,0.0463
3071.0,0.0,3071.0,0.0463
3072.0,0.0,3072.0,0.0116
3073.0,0.0,3073.0,0.0348
3074.0,0.0,3074.0,0.0579
3075.0,0.0,3075.0,0.0463
3076.0,0.0,3076.0,0.0463
3077.0,0.0,3077.0,0.0463
3078.0,0.0,3078.0,0.0579
3079.0,0.0,3079.0,0.0579
3080.0,0.0,3080.0,0.0695
3081.0,0.0,3081.0,0.0463
3082.0,0.521,3082.0,0.0463
3083.0,0.0,3083.0,0.0579
3084.0,0.0,3084.0,0.0463
3085.0,0.0,3085.0,0.0
3086.0,0.0,3086.0,0.0348
3087.0,0.0,3087.0,0.0116
3088.0,0.0,3088.0,0.0463
3089.0,0.0,3089.0,0.0463
3090.0,0.0,3090.0,0.0579
3091.0,0.0,3091.0,0.0579
3092.0,0.0,3092.0,0.0695
3093.0,0.521,3093.0,0.0463
3094.0,0.0,3094.0,0.0463
3095.0,0.0,3095.0,0.0579
3096.0,0.0,3096.0,0.0695
3097.0,0.0,3097.0,0.0463
3098.0,0.0,3098.0,0.0811
3099.0,0.0,3099.0,0.0579
3100.0,0.0,3100.0,0.0
3101.0,0.0,3101.0,0.0
3102.0,0.521,3102.0,0.0463
3103.0,0.0,3103.0,0.0116
3104.0,0.0,3104.0,0.0579
3105.0,0.0,3105.0,0.0579
3106.0,0.0,3106.0,0.0579
3107.0,0.0,3107.0,0.0463
3108.0,0.0,3108.0,0.0579
3109.0,0.0,3109.0,0.0579
3110.0,0.0,3110.0,0.0695
3111.0,0.0,3111.0,0.0695
3112.0,0.0,3112.0,0.0811
3113.0,0.0,3113.0,0.0695
3114.0,0.0,3114.0,0.0579
3115.0,0.521,3115.0,0.0232
3116.0,0.0,3116.0,0.0
3117.0,0.0,3117.0,0.0
3118.0,0.0,3118.0,0.0463
3119.0,0.0,3119.0,0.0116
3120.0,0.0,3120.0,0.0579
3121.0,0.0,3121.0,0.0579
3122.0,0.0,3122.0,0.0695
3123.0,0.0,3123.0,0.0579
3124.0,0.0,3124.0,0.0695
3125.0,0.521,3125.0,0.0695
3126.0,0.0,3126.0,0.0695
3127.0,0.0,3127.0,0.0579
3128.0,0.0,3128.0,0.0579
3129.0,0.0,3129.0,0.0579
3130.0,0.0,3130.0,0.0463
3131.0,0.0,3131.0,0.0348
3132.0,0.0,3132.0,0.0
3133.0,0.0,3133.0,0.0
3134.0,0.521,3134.0,0.0116
3135.0,0.0,3135.0,0.0348
3136.0,0.0,3136.0,0.0348
3137.0,0.0,3137.0,0.0695
3138.0,0.0,3138.0,0.0695
3139.0,0.0,3139.0,0.0463
3140.0,0.0,3140.0,0.0695
3141.0,0.0,3141.0,0.0579
3142.0,0.0,3142.0,0.0463
3143.0,0.0,3143.0,0.0579
3144.0,0.0,3144.0,0.0463
3145.0,0.0,3145.0,0.0579
3146.0,0.0,3146.0,0.0348
3147.0,0.0,3147.0,0.0463
3148.0,0.521,3148.0,0.0695
3149.0,0.0,3149.0,0.0
3150.0,0.0,3150.0,0.0
3151.0,0.0,3151.0,0.0811
3152.0,0.0,3152.0,0.0695
3153.0,0.0,3153.0,0.0811
3154.0,0.0,3154.0,0.0463
3155.0,0.0,3155.0,0.0579
3156.0,0.521,3156.0,0.0232
3157.0,0.0,3157.0,0.0579
3158.0,0.0,3158.0,0.0463
3159.0,0.0,3159.0,0.0348
3160.0,0.0,3160.0,0.0463
3161.0,0.0,3161.0,0.0232
3162.0,0.0,3162.0,0.0348
3163.0,0.0,3163.0,0.0
3164.0,0.0,3164.0,0.0579
3165.0,0.0,3165.0,0.0695
3166.0,0.0,3166.0,0.0695
3167.0,0.0,3167.0,0.0579
3168.0,0.0,3168.0,0.0695
3169.0,0.521,3169.0,0.0579
3170.0,0.0,3170.0,0.0579
3171.0,0.0,3171.0,0.0463
3172.0,0.0,3172.0,0.0463
3173.0,0.0,3173.0,0.0579
3174.0,0.0,3174.0,0.0579
3175.0,0.0,3175.0,0.0348
3176.0,0.0,3176.0,0.0463
3177.0,0.521,3177.0,0.0232
3178.0,0.0,3178.0,0.0463
3179.0,0.0,3179.0,0.0695
3180.0,0.0,3180.0,0.0579
3181.0,0.0,3181.0,0.0695
3182.0,0.0,3182.0,0.0695
3183.0,0.0,3183.0,0.0579
3184.0,0.0,3184.0,0.0463
3185.0,0.0,3185.0,0.0463
3186.0,0.0,3186.0,0.0463
3187.0,0.0,3187.0,0.0348
3188.0,0.0,3188.0,0.0579
3189.0,0.521,3189.0,0.0232
3190.0,0.0,3190.0,0.0
3191.0,0.0,3191.0,0.0579
3192.0,0.0,3192.0,0.0695
3193.0,0.0,3193.0,0.0579
3194.0,0.0,3194.0,0.0695
3195.0,0.0,3195.0,0.0695
3196.0,0.0,3196.0,0.0348
3197.0,0.0,3197.0,0.0579
3198.0,0.0,3198.0,0.0348
3199.0,0.521,3199.0,0.0463
3200.0,0.0,3200.0,0.0348
3201.0,0.0,3201.0,0.0463
3202.0,0.0,3202.0,0.0232
3203.0,0.0,3203.0,0.0
3204.0,0.0,3204.0,0.0695
3205.0,0.0,3205.0,0.0579
3206.0,0.0,3206.0,0.0463
3207.0,0.0,3207.0,0.0579
3208.0,0.0,3208.0,0.0579
3209.0,0.0,3209.0,0.0463
3210.0,0.0,3210.0,0.0463
3211.0,0.521,3211.0,0.0463
3212.0,0.0,3212.0,0.0463
3213.0,0.0,3213.0,0.0116
3214.0,0.0,3214.0,0.0463
3215.0,0.0,3215.0,0.0348
3216.0,0.0,3216.0,0.0116
3217.0,0.0,3217.0,0.0579
3218.0,0.0,3218.0,0.0579
3219.0,0.0,3219.0,0.0579
3220.0,0.0,3220.0,0.0579
3221.0,0.0,3221.0,0.0579
3222.0,0.0,3222.0,0.0463
3223.0,0.521,3223.0,0.0463
3224.0,0.0,3224.0,0.0579
3225.0,0.0,3225.0,0.0463
3226.0,0.0,3226.0,0.0463
3227.0,0.0,3227.0,0.0579
3228.0,0.0,3228.0,0.0348
3229.0,0.0,3229.0,0.0695
3230.0,0.0,3230.0,0.0
3231.0,0.0,3231.0,0.0463
3232.0,0.521,3232.0,0.0579
3233.0,0.0,3233.0,0.0579
3234.0,0.0,3234.0,0.0695
3235.0,0.0,3235.0,0.0463
3236.0,0.0,3236.0,0.0348
3237.0,0.0,3237.0,0.0695
3238.0,0.0,3238.0,0.0463
3239.0,0.0,3239.0,0.0463
3240.0,0.0,3240.0,0.0579
3241.0,0.0,3241.0,0.0232
3242.0,0.0,3242.0,0.0579
3243.0,0.0,3243.0,0.0579
3244.0,0.0,3244.0,0.0116
3245.0,0.521,3245.0,0.0348
3246.0,0.0,3246.0,0.0695
3247.0,0.0,3247.0,0.0579
3248.0,0.0,3248.0,0.0579
3249.0,0.0,3249.0,0.0463
3250.0,0.0,3250.0,0.0463
3251.0,0.0,3251.0,0.0579
3252.0,0.0,3252.0,0.0463
3253.0,0.0,3253.0,0.0463
3254.0,0.0,3254.0,0.0579
3255.0,0.0,3255.0,0.0579
3256.0,0.521,3256.0,0.0348
3257.0,0.0,3257.0,0.0116
3258.0,0.0,3258.0,0.0348
3259.0,0.0,3259.0,0.0811
3260.0,0.0,3260.0,0.0579
3261.0,0.0,3261.0,0.0579
3262.0,0.0,3262.0,0.0579
3263.0,0.0,3263.0,0.0463
3264.0,0.0,3264.0,0.0463
3265.0,0.0,3265.0,0.0463
3266.0,0.521,3266.0,0.0463
3267.0,0.0,3267.0,0.0348
3268.0,0.0,3268.0,0.0695
3269.0,0.0,3269.0,0.0579
3270.0,0.0,3270.0,0.0232
3271.0,0.0,3271.0,0.0232
3272.0,0.0,3272.0,0.0232
3273.0,0.0,3273.0,0.0348
3274.0,0.0,3274.0,0.0463
3275.0,0.0,3275.0,0.0463
3276.0,0.0,3276.0,0.0579
3277.0,0.521,3277.0,0.0695
3278.0,0.0,3278.0,0.0348
3279.0,0.0,3279.0,0.0463
3280.0,0.0,3280.0,0.0579
3281.0,0.0,3281.0,0.0579
3282.0,0.0,3282.0,0.0695
3283.0,0.0,3283.0,0.0811
3284.0,0.0,3284.0,0.0579
3285.0,0.0,3285.0,0.0348
3286.0,0.521,3286.0,0.0232
3287.0,0.0,3287.0,0.0232
3288.0,0.0,3288.0,0.0579
3289.0,0.0,3289.0,0.0579
3290.0,0.0,3290.0,0.0463
3291.0,0.0,3291.0,0.0695
3292.0,0.0,3292.0,0.0695
3293.0,0.0,3293.0,0.0463
3294.0,0.0,3294.0,0.0695
3295.0,0.0,3295.0,0.0579
3296.0,0.0,3296.0,0.0579
3297.0,0.0,3297.0,0.0579
3298.0,0.521,3298.0,0.0579
3299.0,0.0,3299.0,0.0116
3300.0,0.0,3300.0,0.0116
3301.0,0.0,3301.0,0.0348
3302.0,0.0,3302.0,0.0348
3303.0,0.0,3303.0,0.0579
3304.0,0.0,3304.0,0.0579
3305.0,0.0,3305.0,0.0463
3306.0,0.0,3306.0,0.0463
3307.0,0.0,3307.0,0.0579
3308.0,0.0,3308.0,0.0579
3309.0,0.0,3309.0,0.0579
3310.0,0.521,3310.0,0.0927
3311.0,0.0,3311.0,0.0348
3312.0,0.0,3312.0,0.0348
3313.0,0.0,3313.0,0.0463
3314.0,0.0,3314.0,0.0
3315.0,0.0,3315.0,0.0
3316.0,0.0,3316.0,0.0463
3317.0,0.0,3317.0,0.0232
3318.0,0.0,3318.0,0.0579
3319.0,0.0,3319.0,0.0579
3320.0,0.0,3320.0,0.0695
3321.0,0.521,3321.0,0.0463
3322.0,0.0,3322.0,0.0463
3323.0,0.0,3323.0,0.0695
3324.0,0.0,3324.0,0.0579
3325.0,0.0,3325.0,0.0463
3326.0,0.0,3326.0,0.0579
3327.0,0.0,3327.0,0.0463
3328.0,0.0,3328.0,0.0463
3329.0,0.0,3329.0,0.0
3330.0,0.521,3330.0,0.0232
3331.0,0.0,3331.0,0.0232
3332.0,0.0,3332.0,0.0463
3333.0,0.0,3333.0,0.0348
3334.0,0.0,3334.0,0.0463
3335.0,0.0,3335.0,0.0463
3336.0,0.0,3336.0,0.0463
3337.0,0.0,3337.0,0.0695
3338.0,0.0,3338.0,0.0579
3339.0,0.0,3339.0,0.0579
3340.0,0.0,3340.0,0.0695
3341.0,0.0,3341.0,0.0463
3342.0,0.0,3342.0,0.0116
3343.0,0.521,3343.0,0.0
3344.0,0.0,3344.0,0.0463
3345.0,0.0,3345.0,0.0116
3346.0,0.0,3346.0,0.0463
3347.0,0.0,3347.0,0.0463
3348.0,0.0,3348.0,0.0463
3349.0,0.0,3349.0,0.0348
3350.0,0.0,3350.0,0.0463
3351.0,0.0,3351.0,0.0463
3352.0,0.0,3352.0,0.0463
3353.0,0.0,3353.0,0.0348
3354.0,0.0,3354.0,0.0463
3355.0,0.0,3355.0,0.0811
3356.0,0.0,3356.0,0.0
3357.0,0.521,3357.0,0.0116
3358.0,0.0,3358.0,0.0348
3359.0,0.0,3359.0,0.0463
3360.0,0.0,3360.0,0.0348
3361.0,0.0,3361.0,0.0463
3362.0,0.0,3362.0,0.0579
3363.0,0.0,3363.0,0.0348
3364.0,0.0,3364.0,0.0348
3365.0,0.0,3365.0,0.0232
3366.0,0.0,3366.0,0.0463
3367.0,0.0,3367.0,0.0232
3368.0,0.0,3368.0,0.0232
3369.0,0.0,3369.0,0.0811
3370.0,0.0,3370.0,0.0116
3371.0,0.521,3371.0,0.0232
3372.0,0.0,3372.0,0.0348
3373.0,0.0,3373.0,0.0348
3374.0,0.0,3374.0,0.0348
3375.0,0.0,3375.0,0.0348
3376.0,0.0,3376.0,0.0232
3377.0,0.0,3377.0,0.0232
3378.0,0.0,3378.0,0.0232
3379.0,0.0,3379.0,0.0232
3380.0,0.0,3380.0,0.0232
3381.0,0.0,3381.0,0.0116
3382.0,0.0,3382.0,0.0116
3383.0,0.0,3383.0,0.0232
3384.0,0.0,3384.0,0.0232
3385.0,0.0,3385.0,0.0348
3386.0,0.0,3386.0,0.0463
3387.0,0.0,3387.0,0.0232
3388.0,0.521,3388.0,0.0232
3389.0,0.0,3389.0,0.0348
3390.0,0.0,3390.0,0.0348
3391.0,0.0,3391.0,0.0232
3392.0,0.0,3392.0,0.0232
3393.0,0.0,3393.0,0.0232
3394.0,0.0,3394.0,0.0232
3395.0,0.0,3395.0,0.0232
3396.0,0.0,3396.0,0.0116
3397.0,0.0,3397.0,0.0116
3398.0,0.0,3398.0,0.0232
3399.0,0.0,3399.0,0.0463
3400.0,0.0,3400.0,0.0232
3401.0,0.0,3401.0,0.0348
3402.0,0.0,3402.0,0.0232
3403.0,0.0,3403.0,0.0348
3404.0,0.0,3404.0,0.0232
3405.0,0.0,3405.0,0.0348
3406.0,0.0,3406.0,0.0232
3407.0,0.0,3407.0,0.0116
3408.0,0.0,3408.0,0.0232
3409.0,0.0,3409.0,0.0116
3410.0,0.0,3410.0,0.0116
3411.0,0.521,3411.0,0.0116
3412.0,0.0,3412.0,0.0348
3413.0,0.0,3413.0,0.0
3414.0,0.0,3414.0,0.0579
3415.0,0.0,3415.0,0.0348
3416.0,0.0,3416.0,0.0463
3417.0,0.0,3417.0,0.0463
3418.0,0.0,3418.0,0.0463
3419.0,0.0,3419.0,0.0463
3420.0,0.0,3420.0,0.0232
3421.0,0.0,3421.0,0.0348
3422.0,0.0,3422.0,0.0116
3423.0,0.0,3423.0,0.0232
3424.0,0.0,3424.0,0.0232
3425.0,0.0,3425.0,0.0232
3426.0,0.0,3426.0,0.0
3427.0,0.0,3427.0,0.0463
3428.0,0.521,3428.0,0.0
3429.0,0.0,3429.0,0.0
3430.0,0.0,3430.0,0.0232
3431.0,0.0,3431.0,0.0695
3432.0,0.0,3432.0,0.0579
3433.0,0.0,3433.0,0.0348
3434.0,0.0,3434.0,0.0463
3435.0,0.0,3435.0,0.0348
3436.0,0.0,3436.0,0.0232
3437.0,0.0,3437.0,0.0463
3438.0,0.0,3438.0,0.0232
3439.0,0.0,3439.0,0.0348
3440.0,0.0,3440.0,0.0
3441.0,0.0,3441.0,0.0
3442.0,0.0,3442.0,0.0348
3443.0,0.0,3443.0,0.0232
3444.0,0.0,3444.0,0.0232
3445.0,0.521,3445.0,0.0116
3446.0,0.0,3446.0,0.0
3447.0,0.0,3447.0,0.0
3448.0,0.0,3448.0,0.0463
3449.0,0.0,3449.0,0.0
3450.0,0.0,3450.0,0.0116
3451.0,0.0,3451.0,0.0695
3452.0,0.0,3452.0,0.0463
3453.0,0.0,3453.0,0.0348
3454.0,0.0,3454.0,0.0232
3455.0,0.0,3455.0,0.0232
3456.0,0.0,3456.0,0.0232
3457.0,0.0,3457.0,0.0232
3458.0,0.0,3458.0,0.0232
3459.0,0.0,3459.0,0.0348
3460.0,0.0,3460.0,0.0232
3461.0,0.0,3461.0,0.0579
3462.0,0.0,3462.0,0.0463
3463.0,0.0,3463.0,0.0463
3464.0,0.0,3464.0,0.0463
3465.0,0.0,3465.0,0.0348
3466.0,0.521,3466.0,0.0927
3467.0,0.0,3467.0,0.0232
3468.0,0.0,3468.0,0.0232
3469.0,0.0,3469.0,0.0
3470.0,0.0,3470.0,0.0
3471.0,0.0,3471.0,0.0348
3472.0,0.0,3472.0,0.0348
3473.0,0.0,3473.0,0.0348
3474.0,0.0,3474.0,0.0463
3475.0,0.0,3475.0,0.0579
3476.0,0.0,3476.0,0.0579
3477.0,0.0,3477.0,0.0348
3478.0,0.0,3478.0,0.0463
3479.0,0.0,3479.0,0.116
3480.0,0.521,3480.0,0.0463
3481.0,0.0,3481.0,0.0232
3482.0,0.0,3482.0,0.0116
3483.0,0.0,3483.0,0.0
3484.0,0.0,3484.0,0.0463
3485.0,0.0,3485.0,0.0463
3486.0,0.0,3486.0,0.0463
3487.0,0.0,3487.0,0.0463
3488.0,0.0,3488.0,0.0463
3489.0,0.0,3489.0,0.0579
3490.0,0.0,3490.0,0.0463
3491.0,0.0,3491.0,0.0463
3492.0,0.521,3492.0,0.104
3493.0,0.0,3493.0,0.0927
3494.0,0.0,3494.0,0.0463
3495.0,0.0,3495.0,0.0116
3496.0,0.0,3496.0,0.0463
3497.0,0.0,3497.0,0.0579
3498.0,0.0,3498.0,0.0463
3499.0,0.0,3499.0,0.0579
3500.0,0.0,3500.0,0.0695
3501.0,0.0,3501.0,0.0695
3502.0,0.0,3502.0,0.0579
3503.0,0.521,3503.0,0.0579
3504.0,0.0,3504.0,0.0579
3505.0,0.0,3505.0,0.0695
3506.0,0.0,3506.0,0.0927
3507.0,0.521,3507.0,0.0348
3508.0,0.0,3508.0,0.0116
3509.0,0.0,3509.0,0.0463
3510.0,0.0,3510.0,0.0463
3511.0,0.0,3511.0,0.0579
3512.0,0.0,3512.0,0.0579
3513.0,0.0,3513.0,0.0579
3514.0,0.0,3514.0,0.0463
3515.0,0.0,3515.0,0.0579
3516.0,0.0,3516.0,0.0695
3517.0,0.0,3517.0,0.0579
3518.0,0.0,3518.0,0.0695
3519.0,0.521,3519.0,0.151
3520.0,0.0,3520.0,0.0463
3521.0,0.0,3521.0,0.0348
3522.0,0.0,3522.0,0.0579
3523.0,0.0,3523.0,0.0579
3524.0,0.0,3524.0,0.0579
3525.0,0.0,3525.0,0.0579
3526.0,0.0,3526.0,0.0695
3527.0,0.0,3527.0,0.0695
3528.0,0.521,3528.0,0.0579
3529.0,0.0,3529.0,0.0695
3530.0,0.0,3530.0,0.0695
3531.0,0.0,3531.0,0.0579
3532.0,0.0,3532.0,0.0811
3533.0,0.521,3533.0,0.0463
3534.0,0.0,3534.0,0.0695
3535.0,0.0,3535.0,0.0579
3536.0,0.0,3536.0,0.0695
3537.0,0.0,3537.0,0.0579
3538.0,0.0,3538.0,0.0463
3539.0,0.0,3539.0,0.0695
3540.0,0.0,3540.0,0.0695
3541.0,0.0,3541.0,0.0579
3542.0,0.0,3542.0,0.0695
3543.0,0.0,3543.0,0.0695
3544.0,0.521,3544.0,0.0695
3545.0,0.0,3545.0,0.0811
3546.0,0.0,3546.0,0.0232
3547.0,0.0,3547.0,0.0463
3548.0,0.0,3548.0,0.0463
3549.0,0.0,3549.0,0.0579
3550.0,0.0,3550.0,0.0463
3551.0,0.0,3551.0,0.0579
3552.0,0.0,3552.0,0.0695
3553.0,0.0,3553.0,0.0579
3554.0,0.521,3554.0,0.0579
3555.0,0.0,3555.0,0.0579
3556.0,0.0,3556.0,0.0927
3557.0,0.0,3557.0,0.0695
3558.0,0.0,3558.0,0.0811
3559.0,0.0,3559.0,0.0811
3560.0,0.521,3560.0,0.116
3561.0,0.0,3561.0,0.0348
3562.0,0.0,3562.0,0.0348
3563.0,0.0,3563.0,0.0463
3564.0,0.0,3564.0,0.0695
3565.0,0.0,3565.0,0.0579
3566.0,0.0,3566.0,0.0579
3567.0,0.0,3567.0,0.0579
3568.0,0.0,3568.0,0.0811
3569.0,0.0,3569.0,0.0695
3570.0,0.521,3570.0,0.0695
3571.0,0.0,3571.0,0.0695
3572.0,0.0,3572.0,0.0811
3573.0,0.0,3573.0,0.0811
3574.0,0.0,3574.0,0.0811
3575.0,0.521,3575.0,0.104
3576.0,0.0,3576.0,0.0348
3577.0,0.0,3577.0,0.0463
3578.0,0.0,3578.0,0.0695
3579.0,0.0,3579.0,0.0811
3580.0,0.0,3580.0,0.0579
3581.0,0.0,3581.0,0.0695
3582.0,0.0,3582.0,0.0695
3583.0,0.521,3583.0,0.0695
3584.0,0.0,3584.0,0.0811
3585.0,0.0,3585.0,0.0695
3586.0,0.0,3586.0,0.0811
3587.0,0.0,3587.0,0.0927
3588.0,0.0,3588.0,0.0695
3589.0,0.0,3589.0,0.0695
3590.0,0.521,3590.0,0.0811
3591.0,0.0,3591.0,0.0463
3592.0,0.0,3592.0,0.0811
3593.0,0.0,3593.0,0.0927
3594.0,0.0,3594.0,0.0695
3595.0,0.0,3595.0,0.0579
3596.0,0.0,3596.0,0.0695
3597.0,0.0,3597.0,0.0811
3598.0,0.521,3598.0,0.0811
3599.0,0.0,3599.0,0.0695
3600.0,0.0,3600.0,0.0579
3601.0,0.0,3601.0,0.0695
3602.0,0.0,3602.0,0.0695
3603.0,0.0,3603.0,0.0463
3604.0,0.0,3604.0,0.0579
3605.0,0.521,3605.0,0.0463
3606.0,0.0,3606.0,0.0463
3607.0,0.0,3607.0,0.0927
3608.0,0.0,3608.0,0.0811
3609.0,0.0,3609.0,0.0695
3610.0,0.0,3610.0,0.0695
3611.0,0.0,3611.0,0.0811
3612.0,0.0,3612.0,0.0811
3613.0,0.521,3613.0,0.0579
3614.0,0.0,3614.0,0.0463
3615.0,0.0,3615.0,0.0811
3616.0,0.0,3616.0,0.0811
3617.0,0.0,3617.0,0.0348
3618.0,0.0,3618.0,0.0579
3619.0,0.0,3619.0,0.0695
3620.0,0.0,3620.0,0.0811
3621.0,0.521,3621.0,0.0579
3622.0,0.0,3622.0,0.0695
3623.0,0.0,3623.0,0.104
3624.0,0.0,3624.0,0.104
3625.0,0.0,3625.0,0.0811
3626.0,0.0,3626.0,0.0811
3627.0,0.521,3627.0,0.0811
3628.0,0.0,3628.0,0.0811
3629.0,0.0,3629.0,0.0695
3630.0,0.0,3630.0,0.0579
3631.0,0.0,3631.0,0.0811
3632.0,0.0,3632.0,0.0348
3633.0,0.0,3633.0,0.0811
3634.0,0.0,3634.0,0.0579
3635.0,0.521,3635.0,0.0579
3636.0,0.0,3636.0,0.0348
3637.0,0.0,3637.0,0.0927
3638.0,0.0,3638.0,0.116
3639.0,0.0,3639.0,0.0927
3640.0,0.0,3640.0,0.0927
3641.0,0.521,3641.0,0.0695
3642.0,0.0,3642.0,0.0695
3643.0,0.0,3643.0,0.0695
3644.0,0.0,3644.0,0.0579
3645.0,0.0,3645.0,0.0579
3646.0,0.0,3646.0,0.0579
3647.0,0.0,3647.0,0.0579
3648.0,0.0,3648.0,0.0579
3649.0,0.0,3649.0,0.0116
3650.0,0.521,3650.0,0.0463
3651.0,0.0,3651.0,0.116
3652.0,0.0,3652.0,0.116
3653.0,0.0,3653.0,0.116
3654.0,0.0,3654.0,0.0927
3655.0,0.0,3655.0,0.0927
3656.0,0.521,3656.0,0.0811
3657.0,0.0,3657.0,0.0811
3658.0,0.0,3658.0,0.104
3659.0,0.0,3659.0,0.0811
3660.0,0.0,3660.0,0.104
3661.0,0.0,3661.0,0.0695
3662.0,0.521,3662.0,0.0811
3663.0,0.0,3663.0,0.0695
3664.0,0.0,3664.0,0.0579
3665.0,0.0,3665.0,0.139
3666.0,0.0,3666.0,0.104
3667.0,0.521,3667.0,0.0695
3668.0,0.0,3668.0,0.0579
3669.0,0.0,3669.0,0.0579
3670.0,0.0,3670.0,0.0348
3671.0,0.0,3671.0,0.0811
3672.0,0.0,3672.0,0.0463
3673.0,0.0,3673.0,0.0463
3674.0,0.0,3674.0,0.0695
3675.0,0.0,3675.0,0.0695
3676.0,0.521,3676.0,0.0348
3677.0,0.0,3677.0,0.0579
3678.0,0.0,3678.0,0.139
3679.0,0.0,3679.0,0.0695
3680.0,0.0,3680.0,0.0695
3681.0,0.0,3681.0,0.0579
3682.0,0.0,3682.0,0.0579
3683.0,0.521,3683.0,0.0232
3684.0,0.0,3684.0,0.0579
3685.0,0.0,3685.0,0.0232
3686.0,0.0,3686.0,0.0579
3687.0,0.0,3687.0,0.0348
3688.0,0.0,3688.0,0.0232
3689.0,0.0,3689.0,0.0695
3690.0,0.0,3690.0,0.0348
3691.0,0.0,3691.0,0.0811
3692.0,0.0,3692.0,0.104
3693.0,0.521,3693.0,0.0811
3694.0,0.0,3694.0,0.0927
3695.0,0.0,3695.0,0.0811
3696.0,0.0,3696.0,0.0579
3697.0,0.0,3697.0,0.0927
3698.0,0.0,3698.0,0.0348
3699.0,0.0,3699.0,0.0695
3700.0,0.0,3700.0,0.0348
3701.0,0.0,3701.0,0.0695
3702.0,0.521,3702.0,0.0695
3703.0,0.0,3703.0,0.0
3704.0,0.0,3704.0,0.0463
3705.0,0.0,3705.0,0.0348
3706.0,0.0,3706.0,0.0927
3707.0,0.0,3707.0,0.104
3708.0,0.0,3708.0,0.0811
3709.0,0.0,3709.0,0.0811
3710.0,0.0,3710.0,0.0927
3711.0,0.0,3711.0,0.127
3712.0,0.521,3712.0,0.0579
3713.0,0.0,3713.0,0.0927
3714.0,0.0,3714.0,0.0348
3715.0,0.0,3715.0,0.0579
3716.0,0.0,3716.0,0.0579
3717.0,0.521,3717.0,0.0348
3718.0,0.0,3718.0,0.0
3719.0,0.0,3719.0,0.0463
3720.0,0.0,3720.0,0.0348
3721.0,0.0,3721.0,0.0695
3722.0,0.0,3722.0,0.0579
3723.0,0.0,3723.0,0.0695
3724.0,0.0,3724.0,0.0811
3725.0,0.0,3725.0,0.0695
3726.0,0.0,3726.0,0.0579
3727.0,0.0,3727.0,0.0927
3728.0,0.0,3728.0,0.0695
3729.0,0.521,3729.0,0.0695
3730.0,0.0,3730.0,0.0695
3731.0,0.0,3731.0,0.0695
3732.0,0.0,3732.0,0.0348
3733.0,0.0,3733.0,0.0463
3734.0,0.521,3734.0,0.0463
3735.0,0.0,3735.0,0.0811
3736.0,0.0,3736.0,0.0695
3737.0,0.0,3737.0,0.0695
3738.0,0.0,3738.0,0.0811
3739.0,0.0,3739.0,0.0579
3740.0,0.0,3740.0,0.0695
3741.0,0.0,3741.0,0.0463
3742.0,0.0,3742.0,0.0695
3743.0,0.0,3743.0,0.0463
3744.0,0.521,3744.0,0.0811
3745.0,0.0,3745.0,0.0
3746.0,0.0,3746.0,0.0463
3747.0,0.0,3747.0,0.0579
3748.0,0.0,3748.0,0.0695
3749.0,0.0,3749.0,0.0579
3750.0,0.0,3750.0,0.0695
3751.0,0.0,3751.0,0.0579
3752.0,0.521,3752.0,0.0695
3753.0,0.0,3753.0,0.0463
3754.0,0.0,3754.0,0.0463
3755.0,0.0,3755.0,0.0463
3756.0,0.0,3756.0,0.0811
3757.0,0.0,3757.0,0.0463
3758.0,0.0,3758.0,0.0
3759.0,0.0,3759.0,0.0811
3760.0,0.0,3760.0,0.0695
3761.0,0.521,3761.0,0.0695
3762.0,0.0,3762.0,0.0695
3763.0,0.0,3763.0,0.0579
3764.0,0.0,3764.0,0.0579
3765.0,0.0,3765.0,0.0463
3766.0,0.0,3766.0,0.0579
3767.0,0.0,3767.0,0.0579
3768.0,0.0,3768.0,0.0579
3769.0,0.0,3769.0,0.0348
3770.0,0.0,3770.0,0.0579
3771.0,0.521,3771.0,0.0348
3772.0,0.0,3772.0,0.0695
3773.0,0.0,3773.0,0.0695
3774.0,0.0,3774.0,0.0695
3775.0,0.0,3775.0,0.0579
3776.0,0.0,3776.0,0.0579
3777.0,0.0,3777.0,0.0463
3778.0,0.0,3778.0,0.0232
3779.0,0.0,3779.0,0.0695
3780.0,0.521,3780.0,0.0232
3781.0,0.0,3781.0,0.0579
3782.0,0.0,3782.0,0.0232
3783.0,0.0,3783.0,0.0463
3784.0,0.0,3784.0,0.0116
3785.0,0.0,3785.0,0.0348
3786.0,0.0,3786.0,0.0463
3787.0,0.0,3787.0,0.0695
3788.0,0.0,3788.0,0.0579
3789.0,0.0,3789.0,0.0463
3790.0,0.0,3790.0,0.0579
3791.0,0.0,3791.0,0.0463
3792.0,0.0,3792.0,0.0811
3793.0,0.521,3793.0,0.0811
3794.0,0.0,3794.0,0.0579
3795.0,0.0,3795.0,0.0579
3796.0,0.0,3796.0,0.0463
3797.0,0.0,3797.0,0.0695
3798.0,0.0,3798.0,0.0348
3799.0,0.521,3799.0,0.0
3800.0,0.0,3800.0,0.0463
3801.0,0.0,3801.0,0.0232
3802.0,0.0,3802.0,0.0811
3803.0,0.0,3803.0,0.0463
3804.0,0.0,3804.0,0.0579
3805.0,0.0,3805.0,0.0811
3806.0,0.0,3806.0,0.0579
3807.0,0.0,3807.0,0.0579
3808.0,0.0,3808.0,0.0927
3809.0,0.0,3809.0,0.0579
3810.0,0.0,3810.0,0.0695
3811.0,0.0,3811.0,0.0695
3812.0,0.0,3812.0,0.0579
3813.0,0.521,3813.0,0.0695
3814.0,0.0,3814.0,0.0
3815.0,0.0,3815.0,0.0579
3816.0,0.0,3816.0,0.0695
3817.0,0.0,3817.0,0.0811
3818.0,0.0,3818.0,0.0579
3819.0,0.0,3819.0,0.0695
3820.0,0.521,3820.0,0.0579
3821.0,0.0,3821.0,0.0695
3822.0,0.0,3822.0,0.0579
3823.0,0.0,3823.0,0.0695
3824.0,0.0,3824.0,0.0811
3825.0,0.0,3825.0,0.0579
3826.0,0.0,3826.0,0.0695
3827.0,0.521,3827.0,0.0811
3828.0,0.0,3828.0,0.0348
3829.0,0.0,3829.0,0.0811
3830.0,0.0,3830.0,0.0695
3831.0,0.0,3831.0,0.0579
3832.0,0.0,3832.0,0.0579
3833.0,0.0,3833.0,0.0695
3834.0,0.0,3834.0,0.0695
3835.0,0.521,3835.0,0.0579
3836.0,0.0,3836.0,0.0463
3837.0,0.0,3837.0,0.0695
3838.0,0.0,3838.0,0.0695
3839.0,0.0,3839.0,0.0695
3840.0,0.0,3840.0,0.0811
3841.0,0.0,3841.0,0.0927
3842.0,0.521,3842.0,0.0463
3843.0,0.0,3843.0,0.0579
3844.0,0.0,3844.0,0.0811
3845.0,0.0,3845.0,0.0579
3846.0,0.0,3846.0,0.0579
3847.0,0.0,3847.0,0.0579
3848.0,0.0,3848.0,0.0811
3849.0,0.0,3849.0,0.0811
3850.0,0.0,3850.0,0.0579
3851.0,0.521,3851.0,0.0579
3852.0,0.0,3852.0,0.0579
3853.0,0.0,3853.0,0.0579
3854.0,0.0,3854.0,0.104
3855.0,0.0,3855.0,0.0811
3856.0,0.0,3856.0,0.0232
3857.0,0.521,3857.0,0.0463
3858.0,0.0,3858.0,0.0695
3859.0,0.0,3859.0,0.0579
3860.0,0.0,3860.0,0.0811
3861.0,0.0,3861.0,0.0695
3862.0,0.0,3862.0,0.0811
3863.0,0.0,3863.0,0.0927
3864.0,0.0,3864.0,0.0463
3865.0,0.0,3865.0,0.0695
3866.0,0.0,3866.0,0.0811
3867.0,0.0,3867.0,0.0579
3868.0,0.521,3868.0,0.0811
3869.0,0.0,3869.0,0.127
3870.0,0.0,3870.0,0.0463
3871.0,0.0,3871.0,0.0348
3872.0,0.0,3872.0,0.0463
3873.0,0.0,3873.0,0.0695
3874.0,0.0,3874.0,0.0695
3875.0,0.521,3875.0,0.0695
3876.0,0.0,3876.0,0.0579
3877.0,0.0,3877.0,0.0695
3878.0,0.0,3878.0,0.0811
3879.0,0.0,3879.0,0.0811
3880.0,0.0,3880.0,0.0695
3881.0,0.0,3881.0,0.0811
3882.0,0.521,3882.0,0.0811
3883.0,0.0,3883.0,0.0348
3884.0,0.0,3884.0,0.0463
3885.0,0.0,3885.0,0.0695
3886.0,0.0,3886.0,0.0927
3887.0,0.0,3887.0,0.0579
3888.0,0.0,3888.0,0.0695
3889.0,0.0,3889.0,0.0695
3890.0,0.521,3890.0,0.0579
3891.0,0.0,3891.0,0.0695
3892.0,0.0,3892.0,0.0579
3893.0,0.0,3893.0,0.0348
3894.0,0.0,3894.0,0.0695
3895.0,0.0,3895.0,0.0695
3896.0,0.0,3896.0,0.0463
3897.0,0.521,3897.0,0.0695
3898.0,0.0,3898.0,0.0463
3899.0,0.0,3899.0,0.0579
3900.0,0.0,3900.0,0.0695
3901.0,0.0,3901.0,0.0695
3902.0,0.0,3902.0,0.0579
3903.0,0.0,3903.0,0.0695
3904.0,0.0,3904.0,0.0579
3905.0,0.0,3905.0,0.0695
3906.0,0.0,3906.0,0.0579
3907.0,0.521,3907.0,0.0463
3908.0,0.0,3908.0,0.0579
3909.0,0.0,3909.0,0.0695
3910.0,0.0,3910.0,0.0579
3911.0,0.0,3911.0,0.0695
3912.0,0.0,3912.0,0.0695
3913.0,0.0,3913.0,0.0463
3914.0,0.521,3914.0,0.0695
3915.0,0.0,3915.0,0.0695
3916.0,0.0,3916.0,0.0579
3917.0,0.0,3917.0,0.0695
3918.0,0.0,3918.0,0.0695
3919.0,0.0,3919.0,0.0695
3920.0,0.0,3920.0,0.0695
3921.0,0.0,3921.0,0.0811
3922.0,0.0,3922.0,0.0579
3923.0,0.521,3923.0,0.0695
3924.0,0.0,3924.0,0.0811
3925.0,0.0,3925.0,0.0579
3926.0,0.0,3926.0,0.0927
3927.0,0.0,3927.0,0.0579
3928.0,0.0,3928.0,0.0579
3929.0,0.0,3929.0,0.0463
3930.0,0.521,3930.0,0.0579
3931.0,0.0,3931.0,0.0579
3932.0,0.0,3932.0,0.0463
3933.0,0.0,3933.0,0.0695
3934.0,0.0,3934.0,0.0579
3935.0,0.0,3935.0,0.0463
3936.0,0.0,3936.0,0.0348
3937.0,0.0,3937.0,0.0232
3938.0,0.0,3938.0,0.0579
3939.0,0.0,3939.0,0.0579
3940.0,0.0,3940.0,0.0579
3941.0,0.0,3941.0,0.104
3942.0,0.521,3942.0,0.0811
3943.0,0.0,3943.0,0.0695
3944.0,0.0,3944.0,0.0579
3945.0,0.0,3945.0,0.0579
3946.0,0.0,3946.0,0.0695
3947.0,0.0,3947.0,0.0695
3948.0,0.0,3948.0,0.0811
3949.0,0.521,3949.0,0.0463
3950.0,0.0,3950.0,0.0348
3951.0,0.0,3951.0,0.0
3952.0,0.0,3952.0,0.0463
3953.0,0.0,3953.0,0.0232
3954.0,0.0,3954.0,0.116
3955.0,0.0,3955.0,0.0927
3956.0,0.0,3956.0,0.0695
3957.0,0.0,3957.0,0.0695
3958.0,0.0,3958.0,0.0811
3959.0,0.0,3959.0,0.0695
3960.0,0.0,3960.0,0.0695
3961.0,0.521,3961.0,0.0579
3962.0,0.0,3962.0,0.0811
3963.0,0.0,3963.0,0.104
3964.0,0.0,3964.0,0.0927
3965.0,0.0,3965.0,0.0695
3966.0,0.0,3966.0,0.0927
3967.0,0.521,3967.0,0.116
3968.0,0.0,3968.0,0.0695
3969.0,0.521,3969.0,0.0579
3970.0,0.0,3970.0,0.0927
3971.0,0.0,3971.0,0.0579
3972.0,0.0,3972.0,0.0695
3973.0,0.0,3973.0,0.0695
3974.0,0.0,3974.0,0.0463
3975.0,0.0,3975.0,0.0579
3976.0,0.0,3976.0,0.0579
3977.0,0.0,3977.0,0.0463
3978.0,0.0,3978.0,0.0695
3979.0,0.0,3979.0,0.0579
3980.0,0.521,3980.0,0.0695
3981.0,0.0,3981.0,0.0
3982.0,0.0,3982.0,0.0463
3983.0,0.0,3983.0,0.0695
3984.0,0.0,3984.0,0.0927
3985.0,0.0,3985.0,0.0579
3986.0,0.0,3986.0,0.0695
3987.0,0.0,3987.0,0.0579
3988.0,0.521,3988.0,0.0695
3989.0,0.0,3989.0,0.0811
3990.0,0.0,3990.0,0.0348
3991.0,0.0,3991.0,0.0927
3992.0,0.0,3992.0,0.0579
3993.0,0.0,3993.0,0.0811
3994.0,0.0,3994.0,0.0811
3995.0,0.521,3995.0,0.0811
3996.0,0.0,3996.0,0.0116
3997.0,0.0,3997.0,0.0811
3998.0,0.0,3998.0,0.104
3999.0,0.0,3999.0,0.0927
4000.0,0.0,4000.0,0.0811
4001.0,0.0,4001.0,0.0811
4002.0,0.521,4002.0,0.0811
4003.0,0.0,4003.0,0.0579
4004.0,0.0,4004.0,0.0811
4005.0,0.0,4005.0,0.104
4006.0,0.0,4006.0,0.0811
4007.0,0.0,4007.0,0.0927
4008.0,0.0,4008.0,0.0811
4009.0,0.521,4009.0,0.104
4010.0,0.0,4010.0,0.0811
4011.0,0.0,4011.0,0.0927
4012.0,0.0,4012.0,0.0811
4013.0,0.0,4013.0,0.0811
4014.0,0.521,4014.0,0.0579
4015.0,0.0,4015.0,0.0927
4016.0,0.0,4016.0,0.0463
4017.0,0.0,4017.0,0.0463
4018.0,0.0,4018.0,0.0348
4019.0,0.0,4019.0,0.0695
4020.0,0.0,4020.0,0.0116
4021.0,0.0,4021.0,0.0695
4022.0,0.0,4022.0,0.0116
4023.0,0.521,4023.0,0.0348
4024.0,0.0,4024.0,0.0463
4025.0,0.0,4025.0,0.0811
4026.0,0.0,4026.0,0.0811
4027.0,0.0,4027.0,0.0811
4028.0,0.0,4028.0,0.0695
4029.0,0.0,4029.0,0.0927
4030.0,0.0,4030.0,0.0811
4031.0,0.0,4031.0,0.0579
4032.0,0.0,4032.0,0.0695
4033.0,0.521,4033.0,0.0811
4034.0,0.0,4034.0,0.0463
4035.0,0.0,4035.0,0.0695
4036.0,0.0,4036.0,0.0695
4037.0,0.0,4037.0,0.0695
4038.0,0.0,4038.0,0.0116
4039.0,0.521,4039.0,0.0463
4040.0,0.0,4040.0,0.0463
4041.0,0.0,4041.0,0.0579
4042.0,0.0,4042.0,0.0811
4043.0,0.0,4043.0,0.0811
4044.0,0.0,4044.0,0.0811
4045.0,0.0,4045.0,0.0695
4046.0,0.0,4046.0,0.0695
4047.0,0.0,4047.0,0.0695
4048.0,0.0,4048.0,0.0695
4049.0,0.0,4049.0,0.0579
4050.0,0.521,4050.0,0.0695
4051.0,0.0,4051.0,0.0579
4052.0,0.0,4052.0,0.0
4053.0,0.0,4053.0,0.0232
4054.0,0.0,4054.0,0.0232
4055.0,0.0,4055.0,0.0579
4056.0,0.0,4056.0,0.0579
4057.0,0.0,4057.0,0.0695
4058.0,0.0,4058.0,0.0927
4059.0,0.0,4059.0,0.0927
4060.0,0.0,4060.0,0.0695
4061.0,0.521,4061.0,0.0695
4062.0,0.0,4062.0,0.0695
4063.0,0.0,4063.0,0.0579
4064.0,0.0,4064.0,0.0695
4065.0,0.0,4065.0,0.0695
4066.0,0.0,4066.0,0.0348
4067.0,0.0,4067.0,0.0
4068.0,0.521,4068.0,0.0348
4069.0,0.0,4069.0,0.0116
4070.0,0.0,4070.0,0.0348
4071.0,0.0,4071.0,0.0463
4072.0,0.0,4072.0,0.0463
4073.0,0.0,4073.0,0.0695
4074.0,0.0,4074.0,0.0579
4075.0,0.0,4075.0,0.0811
4076.0,0.0,4076.0,0.0811
4077.0,0.0,4077.0,0.0579
4078.0,0.0,4078.0,0.0811
4079.0,0.0,4079.0,0.0695
4080.0,0.521,4080.0,0.0695
4081.0,0.0,4081.0,0.0927
4082.0,0.0,4082.0,0.0116
4083.0,0.0,4083.0,0.0
4084.0,0.0,4084.0,0.0463
4085.0,0.0,4085.0,0.0348
4086.0,0.0,4086.0,0.0579
4087.0,0.521,4087.0,0.0579
4088.0,0.0,4088.0,0.0695
4089.0,0.0,4089.0,0.0579
4090.0,0.0,4090.0,0.0811
4091.0,0.0,4091.0,0.0811
4092.0,0.0,4092.0,0.0811
4093.0,0.0,4093.0,0.0579
4094.0,0.0,4094.0,0.0695
4095.0,0.521,4095.0,0.104
4096.0,0.0,4096.0,0.0232
4097.0,0.0,4097.0,0.0348
4098.0,0.0,4098.0,0.0695
4099.0,0.0,4099.0,0.0579
4100.0,0.0,4100.0,0.0579
4101.0,0.0,4101.0,0.0695
4102.0,0.0,4102.0,0.0579
4103.0,0.521,4103.0,0.0695
4104.0,0.0,4104.0,0.0695
4105.0,0.0,4105.0,0.0579
4106.0,0.0,4106.0,0.0811
4107.0,0.0,4107.0,0.0811
4108.0,0.0,4108.0,0.0811
4109.0,0.521,4109.0,0.0463
4110.0,0.0,4110.0,0.0348
4111.0,0.0,4111.0,0.0695
4112.0,0.0,4112.0,0.0579
4113.0,0.0,4113.0,0.0579
4114.0,0.0,4114.0,0.0695
4115.0,0.0,4115.0,0.0695
4116.0,0.0,4116.0,0.0579
4117.0,0.0,4117.0,0.0927
4118.0,0.0,4118.0,0.0463
4119.0,0.0,4119.0,0.0695
4120.0,0.521,4120.0,0.0811
4121.0,0.0,4121.0,0.0579
4122.0,0.0,4122.0,0.0695
4123.0,0.0,4123.0,0.0579
4124.0,0.0,4124.0,0.0
4125.0,0.0,4125.0,0.0463
4126.0,0.0,4126.0,0.0116
4127.0,0.0,4127.0,0.0695
4128.0,0.0,4128.0,0.0695
4129.0,0.521,4129.0,0.0695
4130.0,0.0,4130.0,0.0695
4131.0,0.0,4131.0,0.0579
4132.0,0.0,4132.0,0.0695
4133.0,0.0,4133.0,0.104
4134.0,0.0,4134.0,0.0811
4135.0,0.0,4135.0,0.0695
4136.0,0.0,4136.0,0.0811
4137.0,0.0,4137.0,0.104
4138.0,0.521,4138.0,0.0695
4139.0,0.0,4139.0,0.0695
4140.0,0.0,4140.0,0.0116
4141.0,0.0,4141.0,0.0348
4142.0,0.0,4142.0,0.0348
4143.0,0.0,4143.0,0.0811
4144.0,0.0,4144.0,0.0695
4145.0,0.0,4145.0,0.0927
4146.0,0.521,4146.0,0.0811
4147.0,0.0,4147.0,0.0579
4148.0,0.0,4148.0,0.0695
4149.0,0.0,4149.0,0.0695
4150.0,0.0,4150.0,0.104
4151.0,0.0,4151.0,0.116
4152.0,0.521,4152.0,0.127
4153.0,0.0,4153.0,0.0579
4154.0,0.0,4154.0,0.0695
4155.0,0.0,4155.0,0.0695
4156.0,0.0,4156.0,0.0695
4157.0,0.0,4157.0,0.0695
4158.0,0.521,4158.0,0.0927
4159.0,0.0,4159.0,0.0463
4160.0,0.0,4160.0,0.0695
4161.0,0.0,4161.0,0.0811
4162.0,0.0,4162.0,0.0463
4163.0,0.0,4163.0,0.0927
4164.0,0.0,4164.0,0.0463
4165.0,0.521,4165.0,0.0927
4166.0,0.0,4166.0,0.0463
4167.0,0.0,4167.0,0.0695
4168.0,0.0,4168.0,0.0811
4169.0,0.0,4169.0,0.0811
4170.0,0.0,4170.0,0.0811
4171.0,0.0,4171.0,0.0695
4172.0,0.521,4172.0,0.0811
4173.0,0.0,4173.0,0.0811
4174.0,0.0,4174.0,0.0811
4175.0,0.0,4175.0,0.0579
4176.0,0.0,4176.0,0.0811
4177.0,0.0,4177.0,0.0811
4178.0,0.0,4178.0,0.0695
4179.0,0.521,4179.0,0.0695
4180.0,0.0,4180.0,0.0463
4181.0,0.0,4181.0,0.0116
4182.0,0.0,4182.0,0.0811
4183.0,0.0,4183.0,0.0811
4184.0,0.0,4184.0,0.0811
4185.0,0.0,4185.0,0.0695
4186.0,0.0,4186.0,0.0695
4187.0,0.0,4187.0,0.0927
4188.0,0.521,4188.0,0.0811
4189.0,0.0,4189.0,0.0927
4190.0,0.0,4190.0,0.0579
4191.0,0.0,4191.0,0.0579
4192.0,0.0,4192.0,0.0811
4193.0,0.521,4193.0,0.0811
4194.0,0.0,4194.0,0.0463
4195.0,0.0,4195.0,0.0116
4196.0,0.0,4196.0,0.0927
4197.0,0.0,4197.0,0.0927
4198.0,0.0,4198.0,0.0927
4199.0,0.0,4199.0,0.0927
4200.0,0.0,4200.0,0.0695
4201.0,0.0,4201.0,0.0811
4202.0,0.521,4202.0,0.0811
4203.0,0.0,4203.0,0.0927
4204.0,0.0,4204.0,0.104
4205.0,0.0,4205.0,0.0811
4206.0,0.0,4206.0,0.127
4207.0,0.521,4207.0,0.0927
4208.0,0.0,4208.0,0.0463
4209.0,0.0,4209.0,0.0579
4210.0,0.0,4210.0,0.0811
4211.0,0.0,4211.0,0.0695
4212.0,0.0,4212.0,0.0927
4213.0,0.0,4213.0,0.0695
4214.0,0.0,4214.0,0.0811
4215.0,0.521,4215.0,0.0927
4216.0,0.0,4216.0,0.0927
4217.0,0.0,4217.0,0.0927
4218.0,0.0,4218.0,0.0927
4219.0,0.521,4219.0,0.104
4220.0,0.0,4220.0,0.0579
4221.0,0.0,4221.0,0.0463
4222.0,0.0,4222.0,0.0695
4223.0,0.0,4223.0,0.0811
4224.0,0.0,4224.0,0.0811
4225.0,0.0,4225.0,0.0695
4226.0,0.0,4226.0,0.0811
4227.0,0.0,4227.0,0.0927
4228.0,0.521,4228.0,0.0811
4229.0,0.0,4229.0,0.0811
4230.0,0.0,4230.0,0.104
4231.0,0.0,4231.0,0.0811
4232.0,0.0,4232.0,0.0927
4233.0,0.521,4233.0,0.0927
4234.0,0.0,4234.0,0.0463
4235.0,0.0,4235.0,0.0579
4236.0,0.0,4236.0,0.0811
4237.0,0.0,4237.0,0.0695
4238.0,0.0,4238.0,0.0695
4239.0,0.0,4239.0,0.0811
4240.0,0.0,4240.0,0.0811
4241.0,0.521,4241.0,0.0811
4242.0,0.0,4242.0,0.116
4243.0,0.0,4243.0,0.0579
4244.0,0.0,4244.0,0.0811
4245.0,0.521,4245.0,0.0811
4246.0,0.0,4246.0,0.0811
4247.0,0.0,4247.0,0.0232
4248.0,0.0,4248.0,0.0695
4249.0,0.0,4249.0,0.0927
4250.0,0.0,4250.0,0.0927
4251.0,0.0,4251.0,0.0695
4252.0,0.0,4252.0,0.0695
4253.0,0.0,4253.0,0.0811
4254.0,0.521,4254.0,0.0811
4255.0,0.0,4255.0,0.0927
4256.0,0.0,4256.0,0.0811
4257.0,0.0,4257.0,0.0927
4258.0,0.0,4258.0,0.0927
4259.0,0.521,4259.0,0.0695
4260.0,0.0,4260.0,0.116
4261.0,0.0,4261.0,0.0463
4262.0,0.0,4262.0,0.0695
4263.0,0.0,4263.0,0.0695
4264.0,0.0,4264.0,0.0695
4265.0,0.0,4265.0,0.0927
4266.0,0.521,4266.0,0.0927
4267.0,0.0,4267.0,0.0695
4268.0,0.0,4268.0,0.0927
4269.0,0.0,4269.0,0.0811
4270.0,0.0,4270.0,0.0927
4271.0,0.0,4271.0,0.0695
4272.0,0.521,4272.0,0.104
4273.0,0.0,4273.0,0.0579
4274.0,0.0,4274.0,0.0463
4275.0,0.0,4275.0,0.0695
4276.0,0.0,4276.0,0.0695
4277.0,0.0,4277.0,0.0811
4278.0,0.0,4278.0,0.0695
4279.0,0.0,4279.0,0.0811
4280.0,0.521,4280.0,0.0811
4281.0,0.0,4281.0,0.0811
4282.0,0.0,4282.0,0.0811
4283.0,0.0,4283.0,0.0927
4284.0,0.0,4284.0,0.0695
4285.0,0.0,4285.0,0.0811
4286.0,0.521,4286.0,0.0811
4287.0,0.0,4287.0,0.0579
4288.0,0.0,4288.0,0.0811
4289.0,0.0,4289.0,0.0811
4290.0,0.0,4290.0,0.0811
4291.0,0.0,4291.0,0.0695
4292.0,0.0,4292.0,0.0811
4293.0,0.521,4293.0,0.0695
4294.0,0.0,4294.0,0.0811
4295.0,0.0,4295.0,0.0695
4296.0,0.0,4296.0,0.0811
4297.0,0.0,4297.0,0.0695
4298.0,0.0,4298.0,0.104
4299.0,0.521,4299.0,0.0579
4300.0,0.0,4300.0,0.0695
4301.0,0.0,4301.0,0.0695
4302.0,0.0,4302.0,0.0695
4303.0,0.0,4303.0,0.0811
4304.0,0.0,4304.0,0.0811
4305.0,0.0,4305.0,0.0695
4306.0,0.521,4306.0,0.0811
4307.0,0.0,4307.0,0.0811
4308.0,0.0,4308.0,0.0695
4309.0,0.0,4309.0,0.0811
4310.0,0.0,4310.0,0.0927
4311.0,0.0,4311.0,0.0579
4312.0,0.0,4312.0,0.0463
4313.0,0.521,4313.0,0.0579
4314.0,0.0,4314.0,0.0695
4315.0,0.0,4315.0,0.0579
4316.0,0.0,4316.0,0.0695
4317.0,0.0,4317.0,0.0811
4318.0,0.0,4318.0,0.0811
4319.0,0.0,4319.0,0.0811
4320.0,0.0,4320.0,0.0695
4321.0,0.0,4321.0,0.0695
4322.0,0.521,4322.0,0.0695
4323.0,0.0,4323.0,0.104
4324.0,0.0,4324.0,0.0579
4325.0,0.0,4325.0,0.0463
4326.0,0.0,4326.0,0.0348
4327.0,0.0,4327.0,0.0579
4328.0,0.0,4328.0,0.0579
4329.0,0.0,4329.0,0.0695
4330.0,0.521,4330.0,0.0695
4331.0,0.0,4331.0,0.0695
4332.0,0.0,4332.0,0.0695
4333.0,0.0,4333.0,0.0811
4334.0,0.0,4334.0,0.0811
4335.0,0.0,4335.0,0.0811
4336.0,0.0,4336.0,0.0695
4337.0,0.521,4337.0,0.104
4338.0,0.0,4338.0,0.0927
4339.0,0.0,4339.0,0.0463
4340.0,0.0,4340.0,0.0463
4341.0,0.0,4341.0,0.0579
4342.0,0.0,4342.0,0.0463
4343.0,0.0,4343.0,0.0579
4344.0,0.0,4344.0,0.0579
4345.0,0.0,4345.0,0.0695
4346.0,0.521,4346.0,0.0811
4347.0,0.0,4347.0,0.0927
4348.0,0.0,4348.0,0.0463
4349.0,0.0,4349.0,0.0811
4350.0,0.0,4350.0,0.0695
4351.0,0.0,4351.0,0.0811
4352.0,0.521,4352.0,0.0463
4353.0,0.0,4353.0,0.0811
4354.0,0.0,4354.0,0.0811
4355.0,0.0,4355.0,0.0695
4356.0,0.0,4356.0,0.0579
4357.0,0.0,4357.0,0.0579
4358.0,0.0,4358.0,0.0579
4359.0,0.0,4359.0,0.0579
4360.0,0.521,4360.0,0.0695
4361.0,0.0,4361.0,0.0695
4362.0,0.0,4362.0,0.0811
4363.0,0.0,4363.0,0.0811
4364.0,0.0,4364.0,0.0811
4365.0,0.521,4365.0,0.0927
4366.0,0.0,4366.0,0.0579
4367.0,0.0,4367.0,0.0695
4368.0,0.0,4368.0,0.0811
4369.0,0.0,4369.0,0.0695
4370.0,0.0,4370.0,0.0579
4371.0,0.0,4371.0,0.0579
4372.0,0.0,4372.0,0.0579
4373.0,0.0,4373.0,0.0695
4374.0,0.0,4374.0,0.0695
